7 5 1 480 1 2 

4
1 2 3 1 0 1 4 10 1 1 1 1 1 
1 2 3 1 0 1 4 10 1 1 1 1 1 
1 2 3 2 0 1 4 10 1 1 1 1 1 
1 2 3 3 0 1 4 10 1 1 1 1 1 

4
1 3 4 1 0 1 4 10 1 1 1 1 1 
1 3 4 2 0 1 4 10 1 1 1 1 1 
1 3 4 2 0 1 4 10 1 1 1 1 1 
1 3 4 3 0 1 4 10 1 1 1 1 1 

4
1 4 5 3 0 1 4 10 1 1 1 1 1 
1 4 5 3 0 1 4 10 1 1 1 1 1 
1 4 5 3 0 1 4 10 1 1 1 1 1 
1 4 5 4 0 1 4 10 1 1 1 1 1 

1
1 5 6 3 0 1 4 10 1 1 1 1 1 

0

2
1 7 8 4 0 1 4 10 1 1 1 1 1 
1 7 8 3 0 1 4 10 1 1 1 1 1 

4
1 8 9 1 0 1 4 10 1 1 1 1 1 
1 8 9 2 0 1 4 10 1 1 1 1 1 
1 8 9 1 0 1 4 10 1 1 1 1 1 
1 8 9 4 0 1 4 10 1 1 1 1 1 

