7 5 1 480 1 2 

4
1 2 3 3 0 1 4 10 1 1 1 1 1 
1 2 3 3 0 1 4 10 1 1 1 1 1 
1 2 3 4 0 1 4 10 1 1 1 1 1 
1 2 3 2 0 1 4 10 1 1 1 1 1 

2
1 3 4 1 0 1 4 10 1 1 1 1 1 
1 3 4 3 0 1 4 10 1 1 1 1 1 

0

3
1 5 6 1 0 1 4 10 1 1 1 1 1 
1 5 6 3 0 1 4 10 1 1 1 1 1 
1 5 6 1 0 1 4 10 1 1 1 1 1 

4
1 6 7 1 0 1 4 10 1 1 1 1 1 
1 6 7 3 0 1 4 10 1 1 1 1 1 
1 6 7 1 0 1 4 10 1 1 1 1 1 
1 6 7 4 0 1 4 10 1 1 1 1 1 

1
1 7 8 1 0 1 4 10 1 1 1 1 1 

4
1 8 9 1 0 1 4 10 1 1 1 1 1 
1 8 9 4 0 1 4 10 1 1 1 1 1 
1 8 9 4 0 1 4 10 1 1 1 1 1 
1 8 9 1 0 1 4 10 1 1 1 1 1 

