300
1 1 0 
1 1 0 
4 1 0 2 0 3 0 4 0 
2 1 0 2 0 
2 1 0 2 0 
1 1 0 
4 1 0 2 0 3 0 4 0 
1 1 0 
2 1 0 2 0 
1 1 0 
2 1 0 2 0 
2 1 0 2 0 
4 1 0 2 0 3 0 4 0 
2 1 0 2 0 
4 1 0 2 0 3 0 4 0 
10 19 1 22 1 23 1 24 1 25 1 26 1 29 1 30 1 31 1 32 1 
4 1 0 2 0 3 0 4 0 
1 1 0 
1 1 0 
1 1 0 
1 5 1 
1 1 0 
1 1 1 
4 8 1 9 1 10 1 11 1 
1 1 0 
10 1 0 2 0 3 0 4 0 5 0 8 0 9 0 10 0 11 0 12 0 
4 1 1 2 1 3 1 4 1 
10 36 1 37 1 38 1 39 1 40 1 43 1 44 1 45 1 46 1 47 1 
1 5 1 
1 1 0 
10 5 1 8 1 9 1 10 1 11 1 12 1 15 1 16 1 17 1 18 1 
1 5 1 
4 1 1 2 1 3 1 4 1 
1 12 1 
1 5 1 
4 1 0 2 0 3 0 4 0 
4 1 1 2 1 3 1 4 1 
1 5 1 
1 1 0 
10 4 1 5 1 8 1 9 1 10 1 11 1 12 1 15 1 16 1 17 1 
1 5 1 
10 1 0 2 0 3 0 4 0 5 0 8 0 9 0 10 0 11 0 12 0 
10 1 0 2 0 3 0 4 0 5 0 8 0 9 0 10 0 11 0 12 0 
4 1 1 2 1 3 1 4 1 
4 3 1 4 1 5 1 8 1 
1 1 0 
1 1 0 
10 19 1 22 1 23 1 24 1 25 1 26 1 29 1 30 1 31 1 32 1 
10 3 1 4 1 5 1 8 1 9 1 10 1 11 1 12 1 15 1 16 1 
10 1 0 2 0 3 0 4 0 5 0 8 0 9 0 10 0 11 0 12 0 
1 5 1 
1 1 1 
10 1 0 2 0 3 0 4 0 5 0 8 0 9 0 10 0 11 0 12 0 
1 1 0 
1 3 1 
4 1 1 2 1 3 1 4 1 
1 1 0 
4 1 1 2 1 3 1 4 1 
1 1 0 
4 1 0 2 0 3 0 4 0 
1 1 1 
4 1 1 2 1 3 1 4 1 
1 1 0 
1 1 0 
10 1 0 2 0 3 0 4 0 5 0 8 0 9 0 10 0 11 0 12 0 
1 1 0 
1 1 0 
10 120 1 121 1 122 1 123 1 124 1 127 1 128 1 129 1 130 1 131 1 
1 1 0 
4 1 0 2 0 3 0 4 0 
4 5 1 8 1 9 1 10 1 
10 1 0 2 0 3 0 4 0 5 0 8 0 9 0 10 0 11 0 12 0 
1 1 1 
10 1 1 2 1 3 1 4 1 5 1 8 1 9 1 10 1 11 1 12 1 
10 71 1 72 1 73 1 74 1 75 1 78 1 79 1 80 1 81 1 82 1 
4 1 1 2 1 3 1 4 1 
1 1 0 
1 1 0 
10 5 1 8 1 9 1 10 1 11 1 12 1 15 1 16 1 17 1 18 1 
1 1 0 
1 1 0 
1 1 1 
1 4 1 
1 1 0 
1 5 1 
1 1 0 
4 1 0 2 0 3 0 4 0 
10 1 0 2 0 3 0 4 0 5 0 8 0 9 0 10 0 11 0 12 0 
10 1 0 2 0 3 0 4 0 5 0 8 0 9 0 10 0 11 0 12 0 
4 1 0 2 0 3 0 4 0 
4 1 0 2 0 3 0 4 0 
1 1 0 
4 1 1 2 1 3 1 4 1 
1 1 1 
4 1 1 2 1 3 1 4 1 
10 1 1 2 1 3 1 4 1 5 1 8 1 9 1 10 1 11 1 12 1 
1 3 1 
1 1 0 
1 11 1 
1 5 1 
1 1 0 
10 47 1 50 1 51 1 52 1 53 1 54 1 57 1 58 1 59 1 60 1 
4 1 1 2 1 3 1 4 1 
4 1 0 2 0 3 0 4 0 
1 1 1 
35 87 1 88 1 89 1 92 1 93 1 94 1 95 1 96 1 99 1 100 1 101 1 102 1 103 1 106 1 107 1 108 1 109 1 110 1 113 1 114 1 115 1 116 1 117 1 120 1 121 1 122 1 123 1 124 1 127 1 128 1 129 1 130 1 131 1 134 1 135 1 
35 1 1 2 1 3 1 4 1 5 1 8 1 9 1 10 1 11 1 12 1 15 1 16 1 17 1 18 1 19 1 22 1 23 1 24 1 25 1 26 1 29 1 30 1 31 1 32 1 33 1 36 1 37 1 38 1 39 1 40 1 43 1 44 1 45 1 46 1 47 1 
25 17 1 18 1 19 1 22 1 23 1 24 1 25 1 26 1 29 1 30 1 31 1 32 1 33 1 36 1 37 1 38 1 39 1 40 1 43 1 44 1 45 1 46 1 47 1 50 1 51 1 
25 99 1 100 1 101 1 102 1 103 1 106 1 107 1 108 1 109 1 110 1 113 1 114 1 115 1 116 1 117 1 120 1 121 1 122 1 123 1 124 1 127 1 128 1 129 1 130 1 131 1 
35 73 1 74 1 75 1 78 1 79 1 80 1 81 1 82 1 85 1 86 1 87 1 88 1 89 1 92 1 93 1 94 1 95 1 96 1 99 1 100 1 101 1 102 1 103 1 106 1 107 1 108 1 109 1 110 1 113 1 114 1 115 1 116 1 117 1 120 1 121 1 
25 85 1 86 1 87 1 88 1 89 1 92 1 93 1 94 1 95 1 96 1 99 1 100 1 101 1 102 1 103 1 106 1 107 1 108 1 109 1 110 1 113 1 114 1 115 1 116 1 117 1 
35 71 1 72 1 73 1 74 1 75 1 78 1 79 1 80 1 81 1 82 1 85 1 86 1 87 1 88 1 89 1 92 1 93 1 94 1 95 1 96 1 99 1 100 1 101 1 102 1 103 1 106 1 107 1 108 1 109 1 110 1 113 1 114 1 115 1 116 1 117 1 
25 1 1 2 1 3 1 4 1 5 1 8 1 9 1 10 1 11 1 12 1 15 1 16 1 17 1 18 1 19 1 22 1 23 1 24 1 25 1 26 1 29 1 30 1 31 1 32 1 33 1 
35 3 1 4 1 5 1 8 1 9 1 10 1 11 1 12 1 15 1 16 1 17 1 18 1 19 1 22 1 23 1 24 1 25 1 26 1 29 1 30 1 31 1 32 1 33 1 36 1 37 1 38 1 39 1 40 1 43 1 44 1 45 1 46 1 47 1 50 1 51 1 
35 36 1 37 1 38 1 39 1 40 1 43 1 44 1 45 1 46 1 47 1 50 1 51 1 52 1 53 1 54 1 57 1 58 1 59 1 60 1 61 1 64 1 65 1 66 1 67 1 68 1 71 1 72 1 73 1 74 1 75 1 78 1 79 1 80 1 81 1 82 1 
35 50 1 51 1 52 1 53 1 54 1 57 1 58 1 59 1 60 1 61 1 64 1 65 1 66 1 67 1 68 1 71 1 72 1 73 1 74 1 75 1 78 1 79 1 80 1 81 1 82 1 85 1 86 1 87 1 88 1 89 1 92 1 93 1 94 1 95 1 96 1 
35 78 1 79 1 80 1 81 1 82 1 85 1 86 1 87 1 88 1 89 1 92 1 93 1 94 1 95 1 96 1 99 1 100 1 101 1 102 1 103 1 106 1 107 1 108 1 109 1 110 1 113 1 114 1 115 1 116 1 117 1 120 1 121 1 122 1 123 1 124 1 
35 87 1 88 1 89 1 92 1 93 1 94 1 95 1 96 1 99 1 100 1 101 1 102 1 103 1 106 1 107 1 108 1 109 1 110 1 113 1 114 1 115 1 116 1 117 1 120 1 121 1 122 1 123 1 124 1 127 1 128 1 129 1 130 1 131 1 134 1 135 1 
25 71 1 72 1 73 1 74 1 75 1 78 1 79 1 80 1 81 1 82 1 85 1 86 1 87 1 88 1 89 1 92 1 93 1 94 1 95 1 96 1 99 1 100 1 101 1 102 1 103 1 
35 120 1 121 1 122 1 123 1 124 1 127 1 128 1 129 1 130 1 131 1 134 1 135 1 136 1 137 1 138 1 141 1 142 1 143 1 144 1 145 1 148 1 149 1 150 1 151 1 152 1 155 1 156 1 157 1 158 1 159 1 162 1 163 1 164 1 165 1 166 1 
35 106 1 107 1 108 1 109 1 110 1 113 1 114 1 115 1 116 1 117 1 120 1 121 1 122 1 123 1 124 1 127 1 128 1 129 1 130 1 131 1 134 1 135 1 136 1 137 1 138 1 141 1 142 1 143 1 144 1 145 1 148 1 149 1 150 1 151 1 152 1 
25 3 1 4 1 5 1 8 1 9 1 10 1 11 1 12 1 15 1 16 1 17 1 18 1 19 1 22 1 23 1 24 1 25 1 26 1 29 1 30 1 31 1 32 1 33 1 36 1 37 1 
35 106 1 107 1 108 1 109 1 110 1 113 1 114 1 115 1 116 1 117 1 120 1 121 1 122 1 123 1 124 1 127 1 128 1 129 1 130 1 131 1 134 1 135 1 136 1 137 1 138 1 141 1 142 1 143 1 144 1 145 1 148 1 149 1 150 1 151 1 152 1 
25 8 1 9 1 10 1 11 1 12 1 15 1 16 1 17 1 18 1 19 1 22 1 23 1 24 1 25 1 26 1 29 1 30 1 31 1 32 1 33 1 36 1 37 1 38 1 39 1 40 1 
35 50 1 51 1 52 1 53 1 54 1 57 1 58 1 59 1 60 1 61 1 64 1 65 1 66 1 67 1 68 1 71 1 72 1 73 1 74 1 75 1 78 1 79 1 80 1 81 1 82 1 85 1 86 1 87 1 88 1 89 1 92 1 93 1 94 1 95 1 96 1 
35 113 1 114 1 115 1 116 1 117 1 120 1 121 1 122 1 123 1 124 1 127 1 128 1 129 1 130 1 131 1 134 1 135 1 136 1 137 1 138 1 141 1 142 1 143 1 144 1 145 1 148 1 149 1 150 1 151 1 152 1 155 1 156 1 157 1 158 1 159 1 
35 36 1 37 1 38 1 39 1 40 1 43 1 44 1 45 1 46 1 47 1 50 1 51 1 52 1 53 1 54 1 57 1 58 1 59 1 60 1 61 1 64 1 65 1 66 1 67 1 68 1 71 1 72 1 73 1 74 1 75 1 78 1 79 1 80 1 81 1 82 1 
25 15 1 16 1 17 1 18 1 19 1 22 1 23 1 24 1 25 1 26 1 29 1 30 1 31 1 32 1 33 1 36 1 37 1 38 1 39 1 40 1 43 1 44 1 45 1 46 1 47 1 
25 3 1 4 1 5 1 8 1 9 1 10 1 11 1 12 1 15 1 16 1 17 1 18 1 19 1 22 1 23 1 24 1 25 1 26 1 29 1 30 1 31 1 32 1 33 1 36 1 37 1 
35 50 1 51 1 52 1 53 1 54 1 57 1 58 1 59 1 60 1 61 1 64 1 65 1 66 1 67 1 68 1 71 1 72 1 73 1 74 1 75 1 78 1 79 1 80 1 81 1 82 1 85 1 86 1 87 1 88 1 89 1 92 1 93 1 94 1 95 1 96 1 
25 72 1 73 1 74 1 75 1 78 1 79 1 80 1 81 1 82 1 85 1 86 1 87 1 88 1 89 1 92 1 93 1 94 1 95 1 96 1 99 1 100 1 101 1 102 1 103 1 106 1 
25 120 1 121 1 122 1 123 1 124 1 127 1 128 1 129 1 130 1 131 1 134 1 135 1 136 1 137 1 138 1 141 1 142 1 143 1 144 1 145 1 148 1 149 1 150 1 151 1 152 1 
25 78 1 79 1 80 1 81 1 82 1 85 1 86 1 87 1 88 1 89 1 92 1 93 1 94 1 95 1 96 1 99 1 100 1 101 1 102 1 103 1 106 1 107 1 108 1 109 1 110 1 
35 50 1 51 1 52 1 53 1 54 1 57 1 58 1 59 1 60 1 61 1 64 1 65 1 66 1 67 1 68 1 71 1 72 1 73 1 74 1 75 1 78 1 79 1 80 1 81 1 82 1 85 1 86 1 87 1 88 1 89 1 92 1 93 1 94 1 95 1 96 1 
35 43 1 44 1 45 1 46 1 47 1 50 1 51 1 52 1 53 1 54 1 57 1 58 1 59 1 60 1 61 1 64 1 65 1 66 1 67 1 68 1 71 1 72 1 73 1 74 1 75 1 78 1 79 1 80 1 81 1 82 1 85 1 86 1 87 1 88 1 89 1 
35 85 1 86 1 87 1 88 1 89 1 92 1 93 1 94 1 95 1 96 1 99 1 100 1 101 1 102 1 103 1 106 1 107 1 108 1 109 1 110 1 113 1 114 1 115 1 116 1 117 1 120 1 121 1 122 1 123 1 124 1 127 1 128 1 129 1 130 1 131 1 
35 106 1 107 1 108 1 109 1 110 1 113 1 114 1 115 1 116 1 117 1 120 1 121 1 122 1 123 1 124 1 127 1 128 1 129 1 130 1 131 1 134 1 135 1 136 1 137 1 138 1 141 1 142 1 143 1 144 1 145 1 148 1 149 1 150 1 151 1 152 1 
25 50 1 51 1 52 1 53 1 54 1 57 1 58 1 59 1 60 1 61 1 64 1 65 1 66 1 67 1 68 1 71 1 72 1 73 1 74 1 75 1 78 1 79 1 80 1 81 1 82 1 
35 71 1 72 1 73 1 74 1 75 1 78 1 79 1 80 1 81 1 82 1 85 1 86 1 87 1 88 1 89 1 92 1 93 1 94 1 95 1 96 1 99 1 100 1 101 1 102 1 103 1 106 1 107 1 108 1 109 1 110 1 113 1 114 1 115 1 116 1 117 1 
35 36 1 37 1 38 1 39 1 40 1 43 1 44 1 45 1 46 1 47 1 50 1 51 1 52 1 53 1 54 1 57 1 58 1 59 1 60 1 61 1 64 1 65 1 66 1 67 1 68 1 71 1 72 1 73 1 74 1 75 1 78 1 79 1 80 1 81 1 82 1 
25 1 1 2 1 3 1 4 1 5 1 8 1 9 1 10 1 11 1 12 1 15 1 16 1 17 1 18 1 19 1 22 1 23 1 24 1 25 1 26 1 29 1 30 1 31 1 32 1 33 1 
35 85 1 86 1 87 1 88 1 89 1 92 1 93 1 94 1 95 1 96 1 99 1 100 1 101 1 102 1 103 1 106 1 107 1 108 1 109 1 110 1 113 1 114 1 115 1 116 1 117 1 120 1 121 1 122 1 123 1 124 1 127 1 128 1 129 1 130 1 131 1 
35 53 1 54 1 57 1 58 1 59 1 60 1 61 1 64 1 65 1 66 1 67 1 68 1 71 1 72 1 73 1 74 1 75 1 78 1 79 1 80 1 81 1 82 1 85 1 86 1 87 1 88 1 89 1 92 1 93 1 94 1 95 1 96 1 99 1 100 1 101 1 
35 36 1 37 1 38 1 39 1 40 1 43 1 44 1 45 1 46 1 47 1 50 1 51 1 52 1 53 1 54 1 57 1 58 1 59 1 60 1 61 1 64 1 65 1 66 1 67 1 68 1 71 1 72 1 73 1 74 1 75 1 78 1 79 1 80 1 81 1 82 1 
35 36 1 37 1 38 1 39 1 40 1 43 1 44 1 45 1 46 1 47 1 50 1 51 1 52 1 53 1 54 1 57 1 58 1 59 1 60 1 61 1 64 1 65 1 66 1 67 1 68 1 71 1 72 1 73 1 74 1 75 1 78 1 79 1 80 1 81 1 82 1 
35 99 1 100 1 101 1 102 1 103 1 106 1 107 1 108 1 109 1 110 1 113 1 114 1 115 1 116 1 117 1 120 1 121 1 122 1 123 1 124 1 127 1 128 1 129 1 130 1 131 1 134 1 135 1 136 1 137 1 138 1 141 1 142 1 143 1 144 1 145 1 
35 1 1 2 1 3 1 4 1 5 1 8 1 9 1 10 1 11 1 12 1 15 1 16 1 17 1 18 1 19 1 22 1 23 1 24 1 25 1 26 1 29 1 30 1 31 1 32 1 33 1 36 1 37 1 38 1 39 1 40 1 43 1 44 1 45 1 46 1 47 1 
25 57 1 58 1 59 1 60 1 61 1 64 1 65 1 66 1 67 1 68 1 71 1 72 1 73 1 74 1 75 1 78 1 79 1 80 1 81 1 82 1 85 1 86 1 87 1 88 1 89 1 
25 36 1 37 1 38 1 39 1 40 1 43 1 44 1 45 1 46 1 47 1 50 1 51 1 52 1 53 1 54 1 57 1 58 1 59 1 60 1 61 1 64 1 65 1 66 1 67 1 68 1 
25 38 1 39 1 40 1 43 1 44 1 45 1 46 1 47 1 50 1 51 1 52 1 53 1 54 1 57 1 58 1 59 1 60 1 61 1 64 1 65 1 66 1 67 1 68 1 71 1 72 1 
35 85 1 86 1 87 1 88 1 89 1 92 1 93 1 94 1 95 1 96 1 99 1 100 1 101 1 102 1 103 1 106 1 107 1 108 1 109 1 110 1 113 1 114 1 115 1 116 1 117 1 120 1 121 1 122 1 123 1 124 1 127 1 128 1 129 1 130 1 131 1 
25 57 1 58 1 59 1 60 1 61 1 64 1 65 1 66 1 67 1 68 1 71 1 72 1 73 1 74 1 75 1 78 1 79 1 80 1 81 1 82 1 85 1 86 1 87 1 88 1 89 1 
25 50 1 51 1 52 1 53 1 54 1 57 1 58 1 59 1 60 1 61 1 64 1 65 1 66 1 67 1 68 1 71 1 72 1 73 1 74 1 75 1 78 1 79 1 80 1 81 1 82 1 
25 36 1 37 1 38 1 39 1 40 1 43 1 44 1 45 1 46 1 47 1 50 1 51 1 52 1 53 1 54 1 57 1 58 1 59 1 60 1 61 1 64 1 65 1 66 1 67 1 68 1 
35 71 1 72 1 73 1 74 1 75 1 78 1 79 1 80 1 81 1 82 1 85 1 86 1 87 1 88 1 89 1 92 1 93 1 94 1 95 1 96 1 99 1 100 1 101 1 102 1 103 1 106 1 107 1 108 1 109 1 110 1 113 1 114 1 115 1 116 1 117 1 
35 8 1 9 1 10 1 11 1 12 1 15 1 16 1 17 1 18 1 19 1 22 1 23 1 24 1 25 1 26 1 29 1 30 1 31 1 32 1 33 1 36 1 37 1 38 1 39 1 40 1 43 1 44 1 45 1 46 1 47 1 50 1 51 1 52 1 53 1 54 1 
35 57 1 58 1 59 1 60 1 61 1 64 1 65 1 66 1 67 1 68 1 71 1 72 1 73 1 74 1 75 1 78 1 79 1 80 1 81 1 82 1 85 1 86 1 87 1 88 1 89 1 92 1 93 1 94 1 95 1 96 1 99 1 100 1 101 1 102 1 103 1 
25 101 1 102 1 103 1 106 1 107 1 108 1 109 1 110 1 113 1 114 1 115 1 116 1 117 1 120 1 121 1 122 1 123 1 124 1 127 1 128 1 129 1 130 1 131 1 134 1 135 1 
25 1 1 2 1 3 1 4 1 5 1 8 1 9 1 10 1 11 1 12 1 15 1 16 1 17 1 18 1 19 1 22 1 23 1 24 1 25 1 26 1 29 1 30 1 31 1 32 1 33 1 
25 71 1 72 1 73 1 74 1 75 1 78 1 79 1 80 1 81 1 82 1 85 1 86 1 87 1 88 1 89 1 92 1 93 1 94 1 95 1 96 1 99 1 100 1 101 1 102 1 103 1 
25 38 1 39 1 40 1 43 1 44 1 45 1 46 1 47 1 50 1 51 1 52 1 53 1 54 1 57 1 58 1 59 1 60 1 61 1 64 1 65 1 66 1 67 1 68 1 71 1 72 1 
35 108 1 109 1 110 1 113 1 114 1 115 1 116 1 117 1 120 1 121 1 122 1 123 1 124 1 127 1 128 1 129 1 130 1 131 1 134 1 135 1 136 1 137 1 138 1 141 1 142 1 143 1 144 1 145 1 148 1 149 1 150 1 151 1 152 1 155 1 156 1 
35 85 1 86 1 87 1 88 1 89 1 92 1 93 1 94 1 95 1 96 1 99 1 100 1 101 1 102 1 103 1 106 1 107 1 108 1 109 1 110 1 113 1 114 1 115 1 116 1 117 1 120 1 121 1 122 1 123 1 124 1 127 1 128 1 129 1 130 1 131 1 
25 92 1 93 1 94 1 95 1 96 1 99 1 100 1 101 1 102 1 103 1 106 1 107 1 108 1 109 1 110 1 113 1 114 1 115 1 116 1 117 1 120 1 121 1 122 1 123 1 124 1 
35 99 1 100 1 101 1 102 1 103 1 106 1 107 1 108 1 109 1 110 1 113 1 114 1 115 1 116 1 117 1 120 1 121 1 122 1 123 1 124 1 127 1 128 1 129 1 130 1 131 1 134 1 135 1 136 1 137 1 138 1 141 1 142 1 143 1 144 1 145 1 
25 1 1 2 1 3 1 4 1 5 1 8 1 9 1 10 1 11 1 12 1 15 1 16 1 17 1 18 1 19 1 22 1 23 1 24 1 25 1 26 1 29 1 30 1 31 1 32 1 33 1 
35 85 1 86 1 87 1 88 1 89 1 92 1 93 1 94 1 95 1 96 1 99 1 100 1 101 1 102 1 103 1 106 1 107 1 108 1 109 1 110 1 113 1 114 1 115 1 116 1 117 1 120 1 121 1 122 1 123 1 124 1 127 1 128 1 129 1 130 1 131 1 
25 36 1 37 1 38 1 39 1 40 1 43 1 44 1 45 1 46 1 47 1 50 1 51 1 52 1 53 1 54 1 57 1 58 1 59 1 60 1 61 1 64 1 65 1 66 1 67 1 68 1 
35 99 1 100 1 101 1 102 1 103 1 106 1 107 1 108 1 109 1 110 1 113 1 114 1 115 1 116 1 117 1 120 1 121 1 122 1 123 1 124 1 127 1 128 1 129 1 130 1 131 1 134 1 135 1 136 1 137 1 138 1 141 1 142 1 143 1 144 1 145 1 
35 92 1 93 1 94 1 95 1 96 1 99 1 100 1 101 1 102 1 103 1 106 1 107 1 108 1 109 1 110 1 113 1 114 1 115 1 116 1 117 1 120 1 121 1 122 1 123 1 124 1 127 1 128 1 129 1 130 1 131 1 134 1 135 1 136 1 137 1 138 1 
25 18 1 19 1 22 1 23 1 24 1 25 1 26 1 29 1 30 1 31 1 32 1 33 1 36 1 37 1 38 1 39 1 40 1 43 1 44 1 45 1 46 1 47 1 50 1 51 1 52 1 
25 120 1 121 1 122 1 123 1 124 1 127 1 128 1 129 1 130 1 131 1 134 1 135 1 136 1 137 1 138 1 141 1 142 1 143 1 144 1 145 1 148 1 149 1 150 1 151 1 152 1 
25 1 1 2 1 3 1 4 1 5 1 8 1 9 1 10 1 11 1 12 1 15 1 16 1 17 1 18 1 19 1 22 1 23 1 24 1 25 1 26 1 29 1 30 1 31 1 32 1 33 1 
25 50 1 51 1 52 1 53 1 54 1 57 1 58 1 59 1 60 1 61 1 64 1 65 1 66 1 67 1 68 1 71 1 72 1 73 1 74 1 75 1 78 1 79 1 80 1 81 1 82 1 
25 36 1 37 1 38 1 39 1 40 1 43 1 44 1 45 1 46 1 47 1 50 1 51 1 52 1 53 1 54 1 57 1 58 1 59 1 60 1 61 1 64 1 65 1 66 1 67 1 68 1 
35 92 1 93 1 94 1 95 1 96 1 99 1 100 1 101 1 102 1 103 1 106 1 107 1 108 1 109 1 110 1 113 1 114 1 115 1 116 1 117 1 120 1 121 1 122 1 123 1 124 1 127 1 128 1 129 1 130 1 131 1 134 1 135 1 136 1 137 1 138 1 
25 1 1 2 1 3 1 4 1 5 1 8 1 9 1 10 1 11 1 12 1 15 1 16 1 17 1 18 1 19 1 22 1 23 1 24 1 25 1 26 1 29 1 30 1 31 1 32 1 33 1 
25 85 1 86 1 87 1 88 1 89 1 92 1 93 1 94 1 95 1 96 1 99 1 100 1 101 1 102 1 103 1 106 1 107 1 108 1 109 1 110 1 113 1 114 1 115 1 116 1 117 1 
25 73 1 74 1 75 1 78 1 79 1 80 1 81 1 82 1 85 1 86 1 87 1 88 1 89 1 92 1 93 1 94 1 95 1 96 1 99 1 100 1 101 1 102 1 103 1 106 1 107 1 
35 107 1 108 1 109 1 110 1 113 1 114 1 115 1 116 1 117 1 120 1 121 1 122 1 123 1 124 1 127 1 128 1 129 1 130 1 131 1 134 1 135 1 136 1 137 1 138 1 141 1 142 1 143 1 144 1 145 1 148 1 149 1 150 1 151 1 152 1 155 1 
35 50 1 51 1 52 1 53 1 54 1 57 1 58 1 59 1 60 1 61 1 64 1 65 1 66 1 67 1 68 1 71 1 72 1 73 1 74 1 75 1 78 1 79 1 80 1 81 1 82 1 85 1 86 1 87 1 88 1 89 1 92 1 93 1 94 1 95 1 96 1 
25 36 1 37 1 38 1 39 1 40 1 43 1 44 1 45 1 46 1 47 1 50 1 51 1 52 1 53 1 54 1 57 1 58 1 59 1 60 1 61 1 64 1 65 1 66 1 67 1 68 1 
25 85 1 86 1 87 1 88 1 89 1 92 1 93 1 94 1 95 1 96 1 99 1 100 1 101 1 102 1 103 1 106 1 107 1 108 1 109 1 110 1 113 1 114 1 115 1 116 1 117 1 
25 64 1 65 1 66 1 67 1 68 1 71 1 72 1 73 1 74 1 75 1 78 1 79 1 80 1 81 1 82 1 85 1 86 1 87 1 88 1 89 1 92 1 93 1 94 1 95 1 96 1 
25 1 1 2 1 3 1 4 1 5 1 8 1 9 1 10 1 11 1 12 1 15 1 16 1 17 1 18 1 19 1 22 1 23 1 24 1 25 1 26 1 29 1 30 1 31 1 32 1 33 1 
25 1 1 2 1 3 1 4 1 5 1 8 1 9 1 10 1 11 1 12 1 15 1 16 1 17 1 18 1 19 1 22 1 23 1 24 1 25 1 26 1 29 1 30 1 31 1 32 1 33 1 
25 71 1 72 1 73 1 74 1 75 1 78 1 79 1 80 1 81 1 82 1 85 1 86 1 87 1 88 1 89 1 92 1 93 1 94 1 95 1 96 1 99 1 100 1 101 1 102 1 103 1 
25 15 1 16 1 17 1 18 1 19 1 22 1 23 1 24 1 25 1 26 1 29 1 30 1 31 1 32 1 33 1 36 1 37 1 38 1 39 1 40 1 43 1 44 1 45 1 46 1 47 1 
25 15 1 16 1 17 1 18 1 19 1 22 1 23 1 24 1 25 1 26 1 29 1 30 1 31 1 32 1 33 1 36 1 37 1 38 1 39 1 40 1 43 1 44 1 45 1 46 1 47 1 
25 85 1 86 1 87 1 88 1 89 1 92 1 93 1 94 1 95 1 96 1 99 1 100 1 101 1 102 1 103 1 106 1 107 1 108 1 109 1 110 1 113 1 114 1 115 1 116 1 117 1 
25 1 1 2 1 3 1 4 1 5 1 8 1 9 1 10 1 11 1 12 1 15 1 16 1 17 1 18 1 19 1 22 1 23 1 24 1 25 1 26 1 29 1 30 1 31 1 32 1 33 1 
35 1 1 2 1 3 1 4 1 5 1 8 1 9 1 10 1 11 1 12 1 15 1 16 1 17 1 18 1 19 1 22 1 23 1 24 1 25 1 26 1 29 1 30 1 31 1 32 1 33 1 36 1 37 1 38 1 39 1 40 1 43 1 44 1 45 1 46 1 47 1 
25 1 1 2 1 3 1 4 1 5 1 8 1 9 1 10 1 11 1 12 1 15 1 16 1 17 1 18 1 19 1 22 1 23 1 24 1 25 1 26 1 29 1 30 1 31 1 32 1 33 1 
35 99 1 100 1 101 1 102 1 103 1 106 1 107 1 108 1 109 1 110 1 113 1 114 1 115 1 116 1 117 1 120 1 121 1 122 1 123 1 124 1 127 1 128 1 129 1 130 1 131 1 134 1 135 1 136 1 137 1 138 1 141 1 142 1 143 1 144 1 145 1 
35 120 1 121 1 122 1 123 1 124 1 127 1 128 1 129 1 130 1 131 1 134 1 135 1 136 1 137 1 138 1 141 1 142 1 143 1 144 1 145 1 148 1 149 1 150 1 151 1 152 1 155 1 156 1 157 1 158 1 159 1 162 1 163 1 164 1 165 1 166 1 
25 36 1 37 1 38 1 39 1 40 1 43 1 44 1 45 1 46 1 47 1 50 1 51 1 52 1 53 1 54 1 57 1 58 1 59 1 60 1 61 1 64 1 65 1 66 1 67 1 68 1 
35 1 1 2 1 3 1 4 1 5 1 8 1 9 1 10 1 11 1 12 1 15 1 16 1 17 1 18 1 19 1 22 1 23 1 24 1 25 1 26 1 29 1 30 1 31 1 32 1 33 1 36 1 37 1 38 1 39 1 40 1 43 1 44 1 45 1 46 1 47 1 
35 106 1 107 1 108 1 109 1 110 1 113 1 114 1 115 1 116 1 117 1 120 1 121 1 122 1 123 1 124 1 127 1 128 1 129 1 130 1 131 1 134 1 135 1 136 1 137 1 138 1 141 1 142 1 143 1 144 1 145 1 148 1 149 1 150 1 151 1 152 1 
35 43 1 44 1 45 1 46 1 47 1 50 1 51 1 52 1 53 1 54 1 57 1 58 1 59 1 60 1 61 1 64 1 65 1 66 1 67 1 68 1 71 1 72 1 73 1 74 1 75 1 78 1 79 1 80 1 81 1 82 1 85 1 86 1 87 1 88 1 89 1 
25 11 1 12 1 15 1 16 1 17 1 18 1 19 1 22 1 23 1 24 1 25 1 26 1 29 1 30 1 31 1 32 1 33 1 36 1 37 1 38 1 39 1 40 1 43 1 44 1 45 1 
35 120 1 121 1 122 1 123 1 124 1 127 1 128 1 129 1 130 1 131 1 134 1 135 1 136 1 137 1 138 1 141 1 142 1 143 1 144 1 145 1 148 1 149 1 150 1 151 1 152 1 155 1 156 1 157 1 158 1 159 1 162 1 163 1 164 1 165 1 166 1 
35 71 1 72 1 73 1 74 1 75 1 78 1 79 1 80 1 81 1 82 1 85 1 86 1 87 1 88 1 89 1 92 1 93 1 94 1 95 1 96 1 99 1 100 1 101 1 102 1 103 1 106 1 107 1 108 1 109 1 110 1 113 1 114 1 115 1 116 1 117 1 
25 36 1 37 1 38 1 39 1 40 1 43 1 44 1 45 1 46 1 47 1 50 1 51 1 52 1 53 1 54 1 57 1 58 1 59 1 60 1 61 1 64 1 65 1 66 1 67 1 68 1 
35 1 1 2 1 3 1 4 1 5 1 8 1 9 1 10 1 11 1 12 1 15 1 16 1 17 1 18 1 19 1 22 1 23 1 24 1 25 1 26 1 29 1 30 1 31 1 32 1 33 1 36 1 37 1 38 1 39 1 40 1 43 1 44 1 45 1 46 1 47 1 
25 36 1 37 1 38 1 39 1 40 1 43 1 44 1 45 1 46 1 47 1 50 1 51 1 52 1 53 1 54 1 57 1 58 1 59 1 60 1 61 1 64 1 65 1 66 1 67 1 68 1 
35 71 1 72 1 73 1 74 1 75 1 78 1 79 1 80 1 81 1 82 1 85 1 86 1 87 1 88 1 89 1 92 1 93 1 94 1 95 1 96 1 99 1 100 1 101 1 102 1 103 1 106 1 107 1 108 1 109 1 110 1 113 1 114 1 115 1 116 1 117 1 
25 1 1 2 1 3 1 4 1 5 1 8 1 9 1 10 1 11 1 12 1 15 1 16 1 17 1 18 1 19 1 22 1 23 1 24 1 25 1 26 1 29 1 30 1 31 1 32 1 33 1 
25 1 1 2 1 3 1 4 1 5 1 8 1 9 1 10 1 11 1 12 1 15 1 16 1 17 1 18 1 19 1 22 1 23 1 24 1 25 1 26 1 29 1 30 1 31 1 32 1 33 1 
25 36 1 37 1 38 1 39 1 40 1 43 1 44 1 45 1 46 1 47 1 50 1 51 1 52 1 53 1 54 1 57 1 58 1 59 1 60 1 61 1 64 1 65 1 66 1 67 1 68 1 
25 95 1 96 1 99 1 100 1 101 1 102 1 103 1 106 1 107 1 108 1 109 1 110 1 113 1 114 1 115 1 116 1 117 1 120 1 121 1 122 1 123 1 124 1 127 1 128 1 129 1 
35 85 1 86 1 87 1 88 1 89 1 92 1 93 1 94 1 95 1 96 1 99 1 100 1 101 1 102 1 103 1 106 1 107 1 108 1 109 1 110 1 113 1 114 1 115 1 116 1 117 1 120 1 121 1 122 1 123 1 124 1 127 1 128 1 129 1 130 1 131 1 
25 52 1 53 1 54 1 57 1 58 1 59 1 60 1 61 1 64 1 65 1 66 1 67 1 68 1 71 1 72 1 73 1 74 1 75 1 78 1 79 1 80 1 81 1 82 1 85 1 86 1 
35 43 1 44 1 45 1 46 1 47 1 50 1 51 1 52 1 53 1 54 1 57 1 58 1 59 1 60 1 61 1 64 1 65 1 66 1 67 1 68 1 71 1 72 1 73 1 74 1 75 1 78 1 79 1 80 1 81 1 82 1 85 1 86 1 87 1 88 1 89 1 
25 1 1 2 1 3 1 4 1 5 1 8 1 9 1 10 1 11 1 12 1 15 1 16 1 17 1 18 1 19 1 22 1 23 1 24 1 25 1 26 1 29 1 30 1 31 1 32 1 33 1 
35 1 1 2 1 3 1 4 1 5 1 8 1 9 1 10 1 11 1 12 1 15 1 16 1 17 1 18 1 19 1 22 1 23 1 24 1 25 1 26 1 29 1 30 1 31 1 32 1 33 1 36 1 37 1 38 1 39 1 40 1 43 1 44 1 45 1 46 1 47 1 
35 8 1 9 1 10 1 11 1 12 1 15 1 16 1 17 1 18 1 19 1 22 1 23 1 24 1 25 1 26 1 29 1 30 1 31 1 32 1 33 1 36 1 37 1 38 1 39 1 40 1 43 1 44 1 45 1 46 1 47 1 50 1 51 1 52 1 53 1 54 1 
35 8 1 9 1 10 1 11 1 12 1 15 1 16 1 17 1 18 1 19 1 22 1 23 1 24 1 25 1 26 1 29 1 30 1 31 1 32 1 33 1 36 1 37 1 38 1 39 1 40 1 43 1 44 1 45 1 46 1 47 1 50 1 51 1 52 1 53 1 54 1 
35 1 1 2 1 3 1 4 1 5 1 8 1 9 1 10 1 11 1 12 1 15 1 16 1 17 1 18 1 19 1 22 1 23 1 24 1 25 1 26 1 29 1 30 1 31 1 32 1 33 1 36 1 37 1 38 1 39 1 40 1 43 1 44 1 45 1 46 1 47 1 
35 99 1 100 1 101 1 102 1 103 1 106 1 107 1 108 1 109 1 110 1 113 1 114 1 115 1 116 1 117 1 120 1 121 1 122 1 123 1 124 1 127 1 128 1 129 1 130 1 131 1 134 1 135 1 136 1 137 1 138 1 141 1 142 1 143 1 144 1 145 1 
25 99 1 100 1 101 1 102 1 103 1 106 1 107 1 108 1 109 1 110 1 113 1 114 1 115 1 116 1 117 1 120 1 121 1 122 1 123 1 124 1 127 1 128 1 129 1 130 1 131 1 
35 50 1 51 1 52 1 53 1 54 1 57 1 58 1 59 1 60 1 61 1 64 1 65 1 66 1 67 1 68 1 71 1 72 1 73 1 74 1 75 1 78 1 79 1 80 1 81 1 82 1 85 1 86 1 87 1 88 1 89 1 92 1 93 1 94 1 95 1 96 1 
35 50 1 51 1 52 1 53 1 54 1 57 1 58 1 59 1 60 1 61 1 64 1 65 1 66 1 67 1 68 1 71 1 72 1 73 1 74 1 75 1 78 1 79 1 80 1 81 1 82 1 85 1 86 1 87 1 88 1 89 1 92 1 93 1 94 1 95 1 96 1 
25 1 1 2 1 3 1 4 1 5 1 8 1 9 1 10 1 11 1 12 1 15 1 16 1 17 1 18 1 19 1 22 1 23 1 24 1 25 1 26 1 29 1 30 1 31 1 32 1 33 1 
25 8 1 9 1 10 1 11 1 12 1 15 1 16 1 17 1 18 1 19 1 22 1 23 1 24 1 25 1 26 1 29 1 30 1 31 1 32 1 33 1 36 1 37 1 38 1 39 1 40 1 
35 120 1 121 1 122 1 123 1 124 1 127 1 128 1 129 1 130 1 131 1 134 1 135 1 136 1 137 1 138 1 141 1 142 1 143 1 144 1 145 1 148 1 149 1 150 1 151 1 152 1 155 1 156 1 157 1 158 1 159 1 162 1 163 1 164 1 165 1 166 1 
25 71 1 72 1 73 1 74 1 75 1 78 1 79 1 80 1 81 1 82 1 85 1 86 1 87 1 88 1 89 1 92 1 93 1 94 1 95 1 96 1 99 1 100 1 101 1 102 1 103 1 
25 1 1 2 1 3 1 4 1 5 1 8 1 9 1 10 1 11 1 12 1 15 1 16 1 17 1 18 1 19 1 22 1 23 1 24 1 25 1 26 1 29 1 30 1 31 1 32 1 33 1 
25 1 1 2 1 3 1 4 1 5 1 8 1 9 1 10 1 11 1 12 1 15 1 16 1 17 1 18 1 19 1 22 1 23 1 24 1 25 1 26 1 29 1 30 1 31 1 32 1 33 1 
35 1 1 2 1 3 1 4 1 5 1 8 1 9 1 10 1 11 1 12 1 15 1 16 1 17 1 18 1 19 1 22 1 23 1 24 1 25 1 26 1 29 1 30 1 31 1 32 1 33 1 36 1 37 1 38 1 39 1 40 1 43 1 44 1 45 1 46 1 47 1 
35 120 1 121 1 122 1 123 1 124 1 127 1 128 1 129 1 130 1 131 1 134 1 135 1 136 1 137 1 138 1 141 1 142 1 143 1 144 1 145 1 148 1 149 1 150 1 151 1 152 1 155 1 156 1 157 1 158 1 159 1 162 1 163 1 164 1 165 1 166 1 
25 1 1 2 1 3 1 4 1 5 1 8 1 9 1 10 1 11 1 12 1 15 1 16 1 17 1 18 1 19 1 22 1 23 1 24 1 25 1 26 1 29 1 30 1 31 1 32 1 33 1 
35 106 1 107 1 108 1 109 1 110 1 113 1 114 1 115 1 116 1 117 1 120 1 121 1 122 1 123 1 124 1 127 1 128 1 129 1 130 1 131 1 134 1 135 1 136 1 137 1 138 1 141 1 142 1 143 1 144 1 145 1 148 1 149 1 150 1 151 1 152 1 
25 1 1 2 1 3 1 4 1 5 1 8 1 9 1 10 1 11 1 12 1 15 1 16 1 17 1 18 1 19 1 22 1 23 1 24 1 25 1 26 1 29 1 30 1 31 1 32 1 33 1 
35 106 1 107 1 108 1 109 1 110 1 113 1 114 1 115 1 116 1 117 1 120 1 121 1 122 1 123 1 124 1 127 1 128 1 129 1 130 1 131 1 134 1 135 1 136 1 137 1 138 1 141 1 142 1 143 1 144 1 145 1 148 1 149 1 150 1 151 1 152 1 
25 1 1 2 1 3 1 4 1 5 1 8 1 9 1 10 1 11 1 12 1 15 1 16 1 17 1 18 1 19 1 22 1 23 1 24 1 25 1 26 1 29 1 30 1 31 1 32 1 33 1 
25 15 1 16 1 17 1 18 1 19 1 22 1 23 1 24 1 25 1 26 1 29 1 30 1 31 1 32 1 33 1 36 1 37 1 38 1 39 1 40 1 43 1 44 1 45 1 46 1 47 1 
35 50 1 51 1 52 1 53 1 54 1 57 1 58 1 59 1 60 1 61 1 64 1 65 1 66 1 67 1 68 1 71 1 72 1 73 1 74 1 75 1 78 1 79 1 80 1 81 1 82 1 85 1 86 1 87 1 88 1 89 1 92 1 93 1 94 1 95 1 96 1 
25 36 1 37 1 38 1 39 1 40 1 43 1 44 1 45 1 46 1 47 1 50 1 51 1 52 1 53 1 54 1 57 1 58 1 59 1 60 1 61 1 64 1 65 1 66 1 67 1 68 1 
25 106 1 107 1 108 1 109 1 110 1 113 1 114 1 115 1 116 1 117 1 120 1 121 1 122 1 123 1 124 1 127 1 128 1 129 1 130 1 131 1 134 1 135 1 136 1 137 1 138 1 
25 43 1 44 1 45 1 46 1 47 1 50 1 51 1 52 1 53 1 54 1 57 1 58 1 59 1 60 1 61 1 64 1 65 1 66 1 67 1 68 1 71 1 72 1 73 1 74 1 75 1 
25 50 1 51 1 52 1 53 1 54 1 57 1 58 1 59 1 60 1 61 1 64 1 65 1 66 1 67 1 68 1 71 1 72 1 73 1 74 1 75 1 78 1 79 1 80 1 81 1 82 1 
25 85 1 86 1 87 1 88 1 89 1 92 1 93 1 94 1 95 1 96 1 99 1 100 1 101 1 102 1 103 1 106 1 107 1 108 1 109 1 110 1 113 1 114 1 115 1 116 1 117 1 
35 57 1 58 1 59 1 60 1 61 1 64 1 65 1 66 1 67 1 68 1 71 1 72 1 73 1 74 1 75 1 78 1 79 1 80 1 81 1 82 1 85 1 86 1 87 1 88 1 89 1 92 1 93 1 94 1 95 1 96 1 99 1 100 1 101 1 102 1 103 1 
25 36 1 37 1 38 1 39 1 40 1 43 1 44 1 45 1 46 1 47 1 50 1 51 1 52 1 53 1 54 1 57 1 58 1 59 1 60 1 61 1 64 1 65 1 66 1 67 1 68 1 
25 1 1 2 1 3 1 4 1 5 1 8 1 9 1 10 1 11 1 12 1 15 1 16 1 17 1 18 1 19 1 22 1 23 1 24 1 25 1 26 1 29 1 30 1 31 1 32 1 33 1 
35 36 1 37 1 38 1 39 1 40 1 43 1 44 1 45 1 46 1 47 1 50 1 51 1 52 1 53 1 54 1 57 1 58 1 59 1 60 1 61 1 64 1 65 1 66 1 67 1 68 1 71 1 72 1 73 1 74 1 75 1 78 1 79 1 80 1 81 1 82 1 
25 1 1 2 1 3 1 4 1 5 1 8 1 9 1 10 1 11 1 12 1 15 1 16 1 17 1 18 1 19 1 22 1 23 1 24 1 25 1 26 1 29 1 30 1 31 1 32 1 33 1 
25 1 1 2 1 3 1 4 1 5 1 8 1 9 1 10 1 11 1 12 1 15 1 16 1 17 1 18 1 19 1 22 1 23 1 24 1 25 1 26 1 29 1 30 1 31 1 32 1 33 1 
25 85 1 86 1 87 1 88 1 89 1 92 1 93 1 94 1 95 1 96 1 99 1 100 1 101 1 102 1 103 1 106 1 107 1 108 1 109 1 110 1 113 1 114 1 115 1 116 1 117 1 
35 99 1 100 1 101 1 102 1 103 1 106 1 107 1 108 1 109 1 110 1 113 1 114 1 115 1 116 1 117 1 120 1 121 1 122 1 123 1 124 1 127 1 128 1 129 1 130 1 131 1 134 1 135 1 136 1 137 1 138 1 141 1 142 1 143 1 144 1 145 1 
25 1 1 2 1 3 1 4 1 5 1 8 1 9 1 10 1 11 1 12 1 15 1 16 1 17 1 18 1 19 1 22 1 23 1 24 1 25 1 26 1 29 1 30 1 31 1 32 1 33 1 
35 52 1 53 1 54 1 57 1 58 1 59 1 60 1 61 1 64 1 65 1 66 1 67 1 68 1 71 1 72 1 73 1 74 1 75 1 78 1 79 1 80 1 81 1 82 1 85 1 86 1 87 1 88 1 89 1 92 1 93 1 94 1 95 1 96 1 99 1 100 1 
35 8 1 9 1 10 1 11 1 12 1 15 1 16 1 17 1 18 1 19 1 22 1 23 1 24 1 25 1 26 1 29 1 30 1 31 1 32 1 33 1 36 1 37 1 38 1 39 1 40 1 43 1 44 1 45 1 46 1 47 1 50 1 51 1 52 1 53 1 54 1 
35 50 1 51 1 52 1 53 1 54 1 57 1 58 1 59 1 60 1 61 1 64 1 65 1 66 1 67 1 68 1 71 1 72 1 73 1 74 1 75 1 78 1 79 1 80 1 81 1 82 1 85 1 86 1 87 1 88 1 89 1 92 1 93 1 94 1 95 1 96 1 
25 108 1 109 1 110 1 113 1 114 1 115 1 116 1 117 1 120 1 121 1 122 1 123 1 124 1 127 1 128 1 129 1 130 1 131 1 134 1 135 1 136 1 137 1 138 1 141 1 142 1 
25 1 1 2 1 3 1 4 1 5 1 8 1 9 1 10 1 11 1 12 1 15 1 16 1 17 1 18 1 19 1 22 1 23 1 24 1 25 1 26 1 29 1 30 1 31 1 32 1 33 1 
35 101 1 102 1 103 1 106 1 107 1 108 1 109 1 110 1 113 1 114 1 115 1 116 1 117 1 120 1 121 1 122 1 123 1 124 1 127 1 128 1 129 1 130 1 131 1 134 1 135 1 136 1 137 1 138 1 141 1 142 1 143 1 144 1 145 1 148 1 149 1 
35 85 1 86 1 87 1 88 1 89 1 92 1 93 1 94 1 95 1 96 1 99 1 100 1 101 1 102 1 103 1 106 1 107 1 108 1 109 1 110 1 113 1 114 1 115 1 116 1 117 1 120 1 121 1 122 1 123 1 124 1 127 1 128 1 129 1 130 1 131 1 
35 71 1 72 1 73 1 74 1 75 1 78 1 79 1 80 1 81 1 82 1 85 1 86 1 87 1 88 1 89 1 92 1 93 1 94 1 95 1 96 1 99 1 100 1 101 1 102 1 103 1 106 1 107 1 108 1 109 1 110 1 113 1 114 1 115 1 116 1 117 1 
25 1 1 2 1 3 1 4 1 5 1 8 1 9 1 10 1 11 1 12 1 15 1 16 1 17 1 18 1 19 1 22 1 23 1 24 1 25 1 26 1 29 1 30 1 31 1 32 1 33 1 
25 8 1 9 1 10 1 11 1 12 1 15 1 16 1 17 1 18 1 19 1 22 1 23 1 24 1 25 1 26 1 29 1 30 1 31 1 32 1 33 1 36 1 37 1 38 1 39 1 40 1 
25 36 1 37 1 38 1 39 1 40 1 43 1 44 1 45 1 46 1 47 1 50 1 51 1 52 1 53 1 54 1 57 1 58 1 59 1 60 1 61 1 64 1 65 1 66 1 67 1 68 1 
25 43 1 44 1 45 1 46 1 47 1 50 1 51 1 52 1 53 1 54 1 57 1 58 1 59 1 60 1 61 1 64 1 65 1 66 1 67 1 68 1 71 1 72 1 73 1 74 1 75 1 
35 99 1 100 1 101 1 102 1 103 1 106 1 107 1 108 1 109 1 110 1 113 1 114 1 115 1 116 1 117 1 120 1 121 1 122 1 123 1 124 1 127 1 128 1 129 1 130 1 131 1 134 1 135 1 136 1 137 1 138 1 141 1 142 1 143 1 144 1 145 1 
25 1 1 2 1 3 1 4 1 5 1 8 1 9 1 10 1 11 1 12 1 15 1 16 1 17 1 18 1 19 1 22 1 23 1 24 1 25 1 26 1 29 1 30 1 31 1 32 1 33 1 
25 36 1 37 1 38 1 39 1 40 1 43 1 44 1 45 1 46 1 47 1 50 1 51 1 52 1 53 1 54 1 57 1 58 1 59 1 60 1 61 1 64 1 65 1 66 1 67 1 68 1 
35 92 1 93 1 94 1 95 1 96 1 99 1 100 1 101 1 102 1 103 1 106 1 107 1 108 1 109 1 110 1 113 1 114 1 115 1 116 1 117 1 120 1 121 1 122 1 123 1 124 1 127 1 128 1 129 1 130 1 131 1 134 1 135 1 136 1 137 1 138 1 
35 36 1 37 1 38 1 39 1 40 1 43 1 44 1 45 1 46 1 47 1 50 1 51 1 52 1 53 1 54 1 57 1 58 1 59 1 60 1 61 1 64 1 65 1 66 1 67 1 68 1 71 1 72 1 73 1 74 1 75 1 78 1 79 1 80 1 81 1 82 1 
25 64 1 65 1 66 1 67 1 68 1 71 1 72 1 73 1 74 1 75 1 78 1 79 1 80 1 81 1 82 1 85 1 86 1 87 1 88 1 89 1 92 1 93 1 94 1 95 1 96 1 
35 38 1 39 1 40 1 43 1 44 1 45 1 46 1 47 1 50 1 51 1 52 1 53 1 54 1 57 1 58 1 59 1 60 1 61 1 64 1 65 1 66 1 67 1 68 1 71 1 72 1 73 1 74 1 75 1 78 1 79 1 80 1 81 1 82 1 85 1 86 1 
35 8 1 9 1 10 1 11 1 12 1 15 1 16 1 17 1 18 1 19 1 22 1 23 1 24 1 25 1 26 1 29 1 30 1 31 1 32 1 33 1 36 1 37 1 38 1 39 1 40 1 43 1 44 1 45 1 46 1 47 1 50 1 51 1 52 1 53 1 54 1 
35 36 1 37 1 38 1 39 1 40 1 43 1 44 1 45 1 46 1 47 1 50 1 51 1 52 1 53 1 54 1 57 1 58 1 59 1 60 1 61 1 64 1 65 1 66 1 67 1 68 1 71 1 72 1 73 1 74 1 75 1 78 1 79 1 80 1 81 1 82 1 
35 50 1 51 1 52 1 53 1 54 1 57 1 58 1 59 1 60 1 61 1 64 1 65 1 66 1 67 1 68 1 71 1 72 1 73 1 74 1 75 1 78 1 79 1 80 1 81 1 82 1 85 1 86 1 87 1 88 1 89 1 92 1 93 1 94 1 95 1 96 1 
25 52 1 53 1 54 1 57 1 58 1 59 1 60 1 61 1 64 1 65 1 66 1 67 1 68 1 71 1 72 1 73 1 74 1 75 1 78 1 79 1 80 1 81 1 82 1 85 1 86 1 
35 106 1 107 1 108 1 109 1 110 1 113 1 114 1 115 1 116 1 117 1 120 1 121 1 122 1 123 1 124 1 127 1 128 1 129 1 130 1 131 1 134 1 135 1 136 1 137 1 138 1 141 1 142 1 143 1 144 1 145 1 148 1 149 1 150 1 151 1 152 1 
25 36 1 37 1 38 1 39 1 40 1 43 1 44 1 45 1 46 1 47 1 50 1 51 1 52 1 53 1 54 1 57 1 58 1 59 1 60 1 61 1 64 1 65 1 66 1 67 1 68 1 
35 36 1 37 1 38 1 39 1 40 1 43 1 44 1 45 1 46 1 47 1 50 1 51 1 52 1 53 1 54 1 57 1 58 1 59 1 60 1 61 1 64 1 65 1 66 1 67 1 68 1 71 1 72 1 73 1 74 1 75 1 78 1 79 1 80 1 81 1 82 1 
35 1 1 2 1 3 1 4 1 5 1 8 1 9 1 10 1 11 1 12 1 15 1 16 1 17 1 18 1 19 1 22 1 23 1 24 1 25 1 26 1 29 1 30 1 31 1 32 1 33 1 36 1 37 1 38 1 39 1 40 1 43 1 44 1 45 1 46 1 47 1 
25 1 1 2 1 3 1 4 1 5 1 8 1 9 1 10 1 11 1 12 1 15 1 16 1 17 1 18 1 19 1 22 1 23 1 24 1 25 1 26 1 29 1 30 1 31 1 32 1 33 1 
35 99 1 100 1 101 1 102 1 103 1 106 1 107 1 108 1 109 1 110 1 113 1 114 1 115 1 116 1 117 1 120 1 121 1 122 1 123 1 124 1 127 1 128 1 129 1 130 1 131 1 134 1 135 1 136 1 137 1 138 1 141 1 142 1 143 1 144 1 145 1 
35 87 1 88 1 89 1 92 1 93 1 94 1 95 1 96 1 99 1 100 1 101 1 102 1 103 1 106 1 107 1 108 1 109 1 110 1 113 1 114 1 115 1 116 1 117 1 120 1 121 1 122 1 123 1 124 1 127 1 128 1 129 1 130 1 131 1 134 1 135 1 
25 71 1 72 1 73 1 74 1 75 1 78 1 79 1 80 1 81 1 82 1 85 1 86 1 87 1 88 1 89 1 92 1 93 1 94 1 95 1 96 1 99 1 100 1 101 1 102 1 103 1 
35 99 1 100 1 101 1 102 1 103 1 106 1 107 1 108 1 109 1 110 1 113 1 114 1 115 1 116 1 117 1 120 1 121 1 122 1 123 1 124 1 127 1 128 1 129 1 130 1 131 1 134 1 135 1 136 1 137 1 138 1 141 1 142 1 143 1 144 1 145 1 
35 85 1 86 1 87 1 88 1 89 1 92 1 93 1 94 1 95 1 96 1 99 1 100 1 101 1 102 1 103 1 106 1 107 1 108 1 109 1 110 1 113 1 114 1 115 1 116 1 117 1 120 1 121 1 122 1 123 1 124 1 127 1 128 1 129 1 130 1 131 1 
35 1 1 2 1 3 1 4 1 5 1 8 1 9 1 10 1 11 1 12 1 15 1 16 1 17 1 18 1 19 1 22 1 23 1 24 1 25 1 26 1 29 1 30 1 31 1 32 1 33 1 36 1 37 1 38 1 39 1 40 1 43 1 44 1 45 1 46 1 47 1 
35 71 1 72 1 73 1 74 1 75 1 78 1 79 1 80 1 81 1 82 1 85 1 86 1 87 1 88 1 89 1 92 1 93 1 94 1 95 1 96 1 99 1 100 1 101 1 102 1 103 1 106 1 107 1 108 1 109 1 110 1 113 1 114 1 115 1 116 1 117 1 
25 8 1 9 1 10 1 11 1 12 1 15 1 16 1 17 1 18 1 19 1 22 1 23 1 24 1 25 1 26 1 29 1 30 1 31 1 32 1 33 1 36 1 37 1 38 1 39 1 40 1 
35 87 1 88 1 89 1 92 1 93 1 94 1 95 1 96 1 99 1 100 1 101 1 102 1 103 1 106 1 107 1 108 1 109 1 110 1 113 1 114 1 115 1 116 1 117 1 120 1 121 1 122 1 123 1 124 1 127 1 128 1 129 1 130 1 131 1 134 1 135 1 
35 36 1 37 1 38 1 39 1 40 1 43 1 44 1 45 1 46 1 47 1 50 1 51 1 52 1 53 1 54 1 57 1 58 1 59 1 60 1 61 1 64 1 65 1 66 1 67 1 68 1 71 1 72 1 73 1 74 1 75 1 78 1 79 1 80 1 81 1 82 1 
25 1 1 2 1 3 1 4 1 5 1 8 1 9 1 10 1 11 1 12 1 15 1 16 1 17 1 18 1 19 1 22 1 23 1 24 1 25 1 26 1 29 1 30 1 31 1 32 1 33 1 
25 71 1 72 1 73 1 74 1 75 1 78 1 79 1 80 1 81 1 82 1 85 1 86 1 87 1 88 1 89 1 92 1 93 1 94 1 95 1 96 1 99 1 100 1 101 1 102 1 103 1 
35 36 1 37 1 38 1 39 1 40 1 43 1 44 1 45 1 46 1 47 1 50 1 51 1 52 1 53 1 54 1 57 1 58 1 59 1 60 1 61 1 64 1 65 1 66 1 67 1 68 1 71 1 72 1 73 1 74 1 75 1 78 1 79 1 80 1 81 1 82 1 
35 1 1 2 1 3 1 4 1 5 1 8 1 9 1 10 1 11 1 12 1 15 1 16 1 17 1 18 1 19 1 22 1 23 1 24 1 25 1 26 1 29 1 30 1 31 1 32 1 33 1 36 1 37 1 38 1 39 1 40 1 43 1 44 1 45 1 46 1 47 1 
35 73 1 74 1 75 1 78 1 79 1 80 1 81 1 82 1 85 1 86 1 87 1 88 1 89 1 92 1 93 1 94 1 95 1 96 1 99 1 100 1 101 1 102 1 103 1 106 1 107 1 108 1 109 1 110 1 113 1 114 1 115 1 116 1 117 1 120 1 121 1 
25 36 1 37 1 38 1 39 1 40 1 43 1 44 1 45 1 46 1 47 1 50 1 51 1 52 1 53 1 54 1 57 1 58 1 59 1 60 1 61 1 64 1 65 1 66 1 67 1 68 1 
35 92 1 93 1 94 1 95 1 96 1 99 1 100 1 101 1 102 1 103 1 106 1 107 1 108 1 109 1 110 1 113 1 114 1 115 1 116 1 117 1 120 1 121 1 122 1 123 1 124 1 127 1 128 1 129 1 130 1 131 1 134 1 135 1 136 1 137 1 138 1 
25 120 1 121 1 122 1 123 1 124 1 127 1 128 1 129 1 130 1 131 1 134 1 135 1 136 1 137 1 138 1 141 1 142 1 143 1 144 1 145 1 148 1 149 1 150 1 151 1 152 1 
25 36 1 37 1 38 1 39 1 40 1 43 1 44 1 45 1 46 1 47 1 50 1 51 1 52 1 53 1 54 1 57 1 58 1 59 1 60 1 61 1 64 1 65 1 66 1 67 1 68 1 
35 99 1 100 1 101 1 102 1 103 1 106 1 107 1 108 1 109 1 110 1 113 1 114 1 115 1 116 1 117 1 120 1 121 1 122 1 123 1 124 1 127 1 128 1 129 1 130 1 131 1 134 1 135 1 136 1 137 1 138 1 141 1 142 1 143 1 144 1 145 1 
35 50 1 51 1 52 1 53 1 54 1 57 1 58 1 59 1 60 1 61 1 64 1 65 1 66 1 67 1 68 1 71 1 72 1 73 1 74 1 75 1 78 1 79 1 80 1 81 1 82 1 85 1 86 1 87 1 88 1 89 1 92 1 93 1 94 1 95 1 96 1 
