100
2 1 0 2 0 
2 1 0 2 0 
2 1 0 2 0 
4 1 0 2 0 3 0 4 0 
2 1 0 2 0 
4 1 1 2 1 3 1 4 1 
1 1 0 
10 1 1 2 1 3 1 4 1 5 1 8 1 9 1 10 1 11 1 12 1 
4 1 1 2 1 3 1 4 1 
4 1 1 2 1 3 1 4 1 
1 1 0 
4 1 1 2 1 3 1 4 1 
1 1 0 
10 1 0 2 0 3 0 4 0 5 0 8 0 9 0 10 0 11 0 12 0 
1 1 0 
10 1 0 2 0 3 0 4 0 5 0 8 0 9 0 10 0 11 0 12 0 
10 1 1 2 1 3 1 4 1 5 1 8 1 9 1 10 1 11 1 12 1 
1 1 0 
1 5 1 
1 1 0 
1 1 0 
1 1 0 
4 1 0 2 0 3 0 4 0 
1 1 0 
1 1 1 
1 1 1 
1 1 0 
1 1 1 
10 1 1 2 1 3 1 4 1 5 1 8 1 9 1 10 1 11 1 12 1 
1 1 1 
1 1 1 
1 5 1 
10 1 0 2 0 3 0 4 0 5 0 8 0 9 0 10 0 11 0 12 0 
1 1 0 
1 1 1 
35 1 1 2 1 3 1 4 1 5 1 8 1 9 1 10 1 11 1 12 1 15 1 16 1 17 1 18 1 19 1 22 1 23 1 24 1 25 1 26 1 29 1 30 1 31 1 32 1 33 1 36 1 37 1 38 1 39 1 40 1 43 1 44 1 45 1 46 1 47 1 
35 1 1 2 1 3 1 4 1 5 1 8 1 9 1 10 1 11 1 12 1 15 1 16 1 17 1 18 1 19 1 22 1 23 1 24 1 25 1 26 1 29 1 30 1 31 1 32 1 33 1 36 1 37 1 38 1 39 1 40 1 43 1 44 1 45 1 46 1 47 1 
35 1 1 2 1 3 1 4 1 5 1 8 1 9 1 10 1 11 1 12 1 15 1 16 1 17 1 18 1 19 1 22 1 23 1 24 1 25 1 26 1 29 1 30 1 31 1 32 1 33 1 36 1 37 1 38 1 39 1 40 1 43 1 44 1 45 1 46 1 47 1 
25 36 1 37 1 38 1 39 1 40 1 43 1 44 1 45 1 46 1 47 1 50 1 51 1 52 1 53 1 54 1 57 1 58 1 59 1 60 1 61 1 64 1 65 1 66 1 67 1 68 1 
35 1 1 2 1 3 1 4 1 5 1 8 1 9 1 10 1 11 1 12 1 15 1 16 1 17 1 18 1 19 1 22 1 23 1 24 1 25 1 26 1 29 1 30 1 31 1 32 1 33 1 36 1 37 1 38 1 39 1 40 1 43 1 44 1 45 1 46 1 47 1 
25 1 1 2 1 3 1 4 1 5 1 8 1 9 1 10 1 11 1 12 1 15 1 16 1 17 1 18 1 19 1 22 1 23 1 24 1 25 1 26 1 29 1 30 1 31 1 32 1 33 1 
25 1 1 2 1 3 1 4 1 5 1 8 1 9 1 10 1 11 1 12 1 15 1 16 1 17 1 18 1 19 1 22 1 23 1 24 1 25 1 26 1 29 1 30 1 31 1 32 1 33 1 
35 1 1 2 1 3 1 4 1 5 1 8 1 9 1 10 1 11 1 12 1 15 1 16 1 17 1 18 1 19 1 22 1 23 1 24 1 25 1 26 1 29 1 30 1 31 1 32 1 33 1 36 1 37 1 38 1 39 1 40 1 43 1 44 1 45 1 46 1 47 1 
35 1 1 2 1 3 1 4 1 5 1 8 1 9 1 10 1 11 1 12 1 15 1 16 1 17 1 18 1 19 1 22 1 23 1 24 1 25 1 26 1 29 1 30 1 31 1 32 1 33 1 36 1 37 1 38 1 39 1 40 1 43 1 44 1 45 1 46 1 47 1 
35 36 1 37 1 38 1 39 1 40 1 43 1 44 1 45 1 46 1 47 1 50 1 51 1 52 1 53 1 54 1 57 1 58 1 59 1 60 1 61 1 64 1 65 1 66 1 67 1 68 1 71 1 72 1 73 1 74 1 75 1 78 1 79 1 80 1 81 1 82 1 
25 1 1 2 1 3 1 4 1 5 1 8 1 9 1 10 1 11 1 12 1 15 1 16 1 17 1 18 1 19 1 22 1 23 1 24 1 25 1 26 1 29 1 30 1 31 1 32 1 33 1 
35 36 1 37 1 38 1 39 1 40 1 43 1 44 1 45 1 46 1 47 1 50 1 51 1 52 1 53 1 54 1 57 1 58 1 59 1 60 1 61 1 64 1 65 1 66 1 67 1 68 1 71 1 72 1 73 1 74 1 75 1 78 1 79 1 80 1 81 1 82 1 
35 1 1 2 1 3 1 4 1 5 1 8 1 9 1 10 1 11 1 12 1 15 1 16 1 17 1 18 1 19 1 22 1 23 1 24 1 25 1 26 1 29 1 30 1 31 1 32 1 33 1 36 1 37 1 38 1 39 1 40 1 43 1 44 1 45 1 46 1 47 1 
35 3 1 4 1 5 1 8 1 9 1 10 1 11 1 12 1 15 1 16 1 17 1 18 1 19 1 22 1 23 1 24 1 25 1 26 1 29 1 30 1 31 1 32 1 33 1 36 1 37 1 38 1 39 1 40 1 43 1 44 1 45 1 46 1 47 1 50 1 51 1 
25 3 1 4 1 5 1 8 1 9 1 10 1 11 1 12 1 15 1 16 1 17 1 18 1 19 1 22 1 23 1 24 1 25 1 26 1 29 1 30 1 31 1 32 1 33 1 36 1 37 1 
35 1 1 2 1 3 1 4 1 5 1 8 1 9 1 10 1 11 1 12 1 15 1 16 1 17 1 18 1 19 1 22 1 23 1 24 1 25 1 26 1 29 1 30 1 31 1 32 1 33 1 36 1 37 1 38 1 39 1 40 1 43 1 44 1 45 1 46 1 47 1 
35 1 1 2 1 3 1 4 1 5 1 8 1 9 1 10 1 11 1 12 1 15 1 16 1 17 1 18 1 19 1 22 1 23 1 24 1 25 1 26 1 29 1 30 1 31 1 32 1 33 1 36 1 37 1 38 1 39 1 40 1 43 1 44 1 45 1 46 1 47 1 
35 8 1 9 1 10 1 11 1 12 1 15 1 16 1 17 1 18 1 19 1 22 1 23 1 24 1 25 1 26 1 29 1 30 1 31 1 32 1 33 1 36 1 37 1 38 1 39 1 40 1 43 1 44 1 45 1 46 1 47 1 50 1 51 1 52 1 53 1 54 1 
25 1 1 2 1 3 1 4 1 5 1 8 1 9 1 10 1 11 1 12 1 15 1 16 1 17 1 18 1 19 1 22 1 23 1 24 1 25 1 26 1 29 1 30 1 31 1 32 1 33 1 
35 1 1 2 1 3 1 4 1 5 1 8 1 9 1 10 1 11 1 12 1 15 1 16 1 17 1 18 1 19 1 22 1 23 1 24 1 25 1 26 1 29 1 30 1 31 1 32 1 33 1 36 1 37 1 38 1 39 1 40 1 43 1 44 1 45 1 46 1 47 1 
35 3 1 4 1 5 1 8 1 9 1 10 1 11 1 12 1 15 1 16 1 17 1 18 1 19 1 22 1 23 1 24 1 25 1 26 1 29 1 30 1 31 1 32 1 33 1 36 1 37 1 38 1 39 1 40 1 43 1 44 1 45 1 46 1 47 1 50 1 51 1 
35 1 1 2 1 3 1 4 1 5 1 8 1 9 1 10 1 11 1 12 1 15 1 16 1 17 1 18 1 19 1 22 1 23 1 24 1 25 1 26 1 29 1 30 1 31 1 32 1 33 1 36 1 37 1 38 1 39 1 40 1 43 1 44 1 45 1 46 1 47 1 
35 1 1 2 1 3 1 4 1 5 1 8 1 9 1 10 1 11 1 12 1 15 1 16 1 17 1 18 1 19 1 22 1 23 1 24 1 25 1 26 1 29 1 30 1 31 1 32 1 33 1 36 1 37 1 38 1 39 1 40 1 43 1 44 1 45 1 46 1 47 1 
35 1 1 2 1 3 1 4 1 5 1 8 1 9 1 10 1 11 1 12 1 15 1 16 1 17 1 18 1 19 1 22 1 23 1 24 1 25 1 26 1 29 1 30 1 31 1 32 1 33 1 36 1 37 1 38 1 39 1 40 1 43 1 44 1 45 1 46 1 47 1 
25 1 1 2 1 3 1 4 1 5 1 8 1 9 1 10 1 11 1 12 1 15 1 16 1 17 1 18 1 19 1 22 1 23 1 24 1 25 1 26 1 29 1 30 1 31 1 32 1 33 1 
35 1 1 2 1 3 1 4 1 5 1 8 1 9 1 10 1 11 1 12 1 15 1 16 1 17 1 18 1 19 1 22 1 23 1 24 1 25 1 26 1 29 1 30 1 31 1 32 1 33 1 36 1 37 1 38 1 39 1 40 1 43 1 44 1 45 1 46 1 47 1 
25 1 1 2 1 3 1 4 1 5 1 8 1 9 1 10 1 11 1 12 1 15 1 16 1 17 1 18 1 19 1 22 1 23 1 24 1 25 1 26 1 29 1 30 1 31 1 32 1 33 1 
35 8 1 9 1 10 1 11 1 12 1 15 1 16 1 17 1 18 1 19 1 22 1 23 1 24 1 25 1 26 1 29 1 30 1 31 1 32 1 33 1 36 1 37 1 38 1 39 1 40 1 43 1 44 1 45 1 46 1 47 1 50 1 51 1 52 1 53 1 54 1 
25 1 1 2 1 3 1 4 1 5 1 8 1 9 1 10 1 11 1 12 1 15 1 16 1 17 1 18 1 19 1 22 1 23 1 24 1 25 1 26 1 29 1 30 1 31 1 32 1 33 1 
35 1 1 2 1 3 1 4 1 5 1 8 1 9 1 10 1 11 1 12 1 15 1 16 1 17 1 18 1 19 1 22 1 23 1 24 1 25 1 26 1 29 1 30 1 31 1 32 1 33 1 36 1 37 1 38 1 39 1 40 1 43 1 44 1 45 1 46 1 47 1 
25 36 1 37 1 38 1 39 1 40 1 43 1 44 1 45 1 46 1 47 1 50 1 51 1 52 1 53 1 54 1 57 1 58 1 59 1 60 1 61 1 64 1 65 1 66 1 67 1 68 1 
35 1 1 2 1 3 1 4 1 5 1 8 1 9 1 10 1 11 1 12 1 15 1 16 1 17 1 18 1 19 1 22 1 23 1 24 1 25 1 26 1 29 1 30 1 31 1 32 1 33 1 36 1 37 1 38 1 39 1 40 1 43 1 44 1 45 1 46 1 47 1 
35 1 1 2 1 3 1 4 1 5 1 8 1 9 1 10 1 11 1 12 1 15 1 16 1 17 1 18 1 19 1 22 1 23 1 24 1 25 1 26 1 29 1 30 1 31 1 32 1 33 1 36 1 37 1 38 1 39 1 40 1 43 1 44 1 45 1 46 1 47 1 
25 1 1 2 1 3 1 4 1 5 1 8 1 9 1 10 1 11 1 12 1 15 1 16 1 17 1 18 1 19 1 22 1 23 1 24 1 25 1 26 1 29 1 30 1 31 1 32 1 33 1 
35 1 1 2 1 3 1 4 1 5 1 8 1 9 1 10 1 11 1 12 1 15 1 16 1 17 1 18 1 19 1 22 1 23 1 24 1 25 1 26 1 29 1 30 1 31 1 32 1 33 1 36 1 37 1 38 1 39 1 40 1 43 1 44 1 45 1 46 1 47 1 
25 3 1 4 1 5 1 8 1 9 1 10 1 11 1 12 1 15 1 16 1 17 1 18 1 19 1 22 1 23 1 24 1 25 1 26 1 29 1 30 1 31 1 32 1 33 1 36 1 37 1 
25 1 1 2 1 3 1 4 1 5 1 8 1 9 1 10 1 11 1 12 1 15 1 16 1 17 1 18 1 19 1 22 1 23 1 24 1 25 1 26 1 29 1 30 1 31 1 32 1 33 1 
35 15 1 16 1 17 1 18 1 19 1 22 1 23 1 24 1 25 1 26 1 29 1 30 1 31 1 32 1 33 1 36 1 37 1 38 1 39 1 40 1 43 1 44 1 45 1 46 1 47 1 50 1 51 1 52 1 53 1 54 1 57 1 58 1 59 1 60 1 61 1 
35 1 1 2 1 3 1 4 1 5 1 8 1 9 1 10 1 11 1 12 1 15 1 16 1 17 1 18 1 19 1 22 1 23 1 24 1 25 1 26 1 29 1 30 1 31 1 32 1 33 1 36 1 37 1 38 1 39 1 40 1 43 1 44 1 45 1 46 1 47 1 
35 15 1 16 1 17 1 18 1 19 1 22 1 23 1 24 1 25 1 26 1 29 1 30 1 31 1 32 1 33 1 36 1 37 1 38 1 39 1 40 1 43 1 44 1 45 1 46 1 47 1 50 1 51 1 52 1 53 1 54 1 57 1 58 1 59 1 60 1 61 1 
35 1 1 2 1 3 1 4 1 5 1 8 1 9 1 10 1 11 1 12 1 15 1 16 1 17 1 18 1 19 1 22 1 23 1 24 1 25 1 26 1 29 1 30 1 31 1 32 1 33 1 36 1 37 1 38 1 39 1 40 1 43 1 44 1 45 1 46 1 47 1 
25 3 1 4 1 5 1 8 1 9 1 10 1 11 1 12 1 15 1 16 1 17 1 18 1 19 1 22 1 23 1 24 1 25 1 26 1 29 1 30 1 31 1 32 1 33 1 36 1 37 1 
25 3 1 4 1 5 1 8 1 9 1 10 1 11 1 12 1 15 1 16 1 17 1 18 1 19 1 22 1 23 1 24 1 25 1 26 1 29 1 30 1 31 1 32 1 33 1 36 1 37 1 
25 1 1 2 1 3 1 4 1 5 1 8 1 9 1 10 1 11 1 12 1 15 1 16 1 17 1 18 1 19 1 22 1 23 1 24 1 25 1 26 1 29 1 30 1 31 1 32 1 33 1 
25 1 1 2 1 3 1 4 1 5 1 8 1 9 1 10 1 11 1 12 1 15 1 16 1 17 1 18 1 19 1 22 1 23 1 24 1 25 1 26 1 29 1 30 1 31 1 32 1 33 1 
35 1 1 2 1 3 1 4 1 5 1 8 1 9 1 10 1 11 1 12 1 15 1 16 1 17 1 18 1 19 1 22 1 23 1 24 1 25 1 26 1 29 1 30 1 31 1 32 1 33 1 36 1 37 1 38 1 39 1 40 1 43 1 44 1 45 1 46 1 47 1 
35 15 1 16 1 17 1 18 1 19 1 22 1 23 1 24 1 25 1 26 1 29 1 30 1 31 1 32 1 33 1 36 1 37 1 38 1 39 1 40 1 43 1 44 1 45 1 46 1 47 1 50 1 51 1 52 1 53 1 54 1 57 1 58 1 59 1 60 1 61 1 
25 8 1 9 1 10 1 11 1 12 1 15 1 16 1 17 1 18 1 19 1 22 1 23 1 24 1 25 1 26 1 29 1 30 1 31 1 32 1 33 1 36 1 37 1 38 1 39 1 40 1 
35 1 1 2 1 3 1 4 1 5 1 8 1 9 1 10 1 11 1 12 1 15 1 16 1 17 1 18 1 19 1 22 1 23 1 24 1 25 1 26 1 29 1 30 1 31 1 32 1 33 1 36 1 37 1 38 1 39 1 40 1 43 1 44 1 45 1 46 1 47 1 
35 1 1 2 1 3 1 4 1 5 1 8 1 9 1 10 1 11 1 12 1 15 1 16 1 17 1 18 1 19 1 22 1 23 1 24 1 25 1 26 1 29 1 30 1 31 1 32 1 33 1 36 1 37 1 38 1 39 1 40 1 43 1 44 1 45 1 46 1 47 1 
35 36 1 37 1 38 1 39 1 40 1 43 1 44 1 45 1 46 1 47 1 50 1 51 1 52 1 53 1 54 1 57 1 58 1 59 1 60 1 61 1 64 1 65 1 66 1 67 1 68 1 71 1 72 1 73 1 74 1 75 1 78 1 79 1 80 1 81 1 82 1 
35 1 1 2 1 3 1 4 1 5 1 8 1 9 1 10 1 11 1 12 1 15 1 16 1 17 1 18 1 19 1 22 1 23 1 24 1 25 1 26 1 29 1 30 1 31 1 32 1 33 1 36 1 37 1 38 1 39 1 40 1 43 1 44 1 45 1 46 1 47 1 
35 1 1 2 1 3 1 4 1 5 1 8 1 9 1 10 1 11 1 12 1 15 1 16 1 17 1 18 1 19 1 22 1 23 1 24 1 25 1 26 1 29 1 30 1 31 1 32 1 33 1 36 1 37 1 38 1 39 1 40 1 43 1 44 1 45 1 46 1 47 1 
35 1 1 2 1 3 1 4 1 5 1 8 1 9 1 10 1 11 1 12 1 15 1 16 1 17 1 18 1 19 1 22 1 23 1 24 1 25 1 26 1 29 1 30 1 31 1 32 1 33 1 36 1 37 1 38 1 39 1 40 1 43 1 44 1 45 1 46 1 47 1 
25 1 1 2 1 3 1 4 1 5 1 8 1 9 1 10 1 11 1 12 1 15 1 16 1 17 1 18 1 19 1 22 1 23 1 24 1 25 1 26 1 29 1 30 1 31 1 32 1 33 1 
35 1 1 2 1 3 1 4 1 5 1 8 1 9 1 10 1 11 1 12 1 15 1 16 1 17 1 18 1 19 1 22 1 23 1 24 1 25 1 26 1 29 1 30 1 31 1 32 1 33 1 36 1 37 1 38 1 39 1 40 1 43 1 44 1 45 1 46 1 47 1 
25 3 1 4 1 5 1 8 1 9 1 10 1 11 1 12 1 15 1 16 1 17 1 18 1 19 1 22 1 23 1 24 1 25 1 26 1 29 1 30 1 31 1 32 1 33 1 36 1 37 1 
25 1 1 2 1 3 1 4 1 5 1 8 1 9 1 10 1 11 1 12 1 15 1 16 1 17 1 18 1 19 1 22 1 23 1 24 1 25 1 26 1 29 1 30 1 31 1 32 1 33 1 
35 1 1 2 1 3 1 4 1 5 1 8 1 9 1 10 1 11 1 12 1 15 1 16 1 17 1 18 1 19 1 22 1 23 1 24 1 25 1 26 1 29 1 30 1 31 1 32 1 33 1 36 1 37 1 38 1 39 1 40 1 43 1 44 1 45 1 46 1 47 1 
35 1 1 2 1 3 1 4 1 5 1 8 1 9 1 10 1 11 1 12 1 15 1 16 1 17 1 18 1 19 1 22 1 23 1 24 1 25 1 26 1 29 1 30 1 31 1 32 1 33 1 36 1 37 1 38 1 39 1 40 1 43 1 44 1 45 1 46 1 47 1 
35 8 1 9 1 10 1 11 1 12 1 15 1 16 1 17 1 18 1 19 1 22 1 23 1 24 1 25 1 26 1 29 1 30 1 31 1 32 1 33 1 36 1 37 1 38 1 39 1 40 1 43 1 44 1 45 1 46 1 47 1 50 1 51 1 52 1 53 1 54 1 
35 1 1 2 1 3 1 4 1 5 1 8 1 9 1 10 1 11 1 12 1 15 1 16 1 17 1 18 1 19 1 22 1 23 1 24 1 25 1 26 1 29 1 30 1 31 1 32 1 33 1 36 1 37 1 38 1 39 1 40 1 43 1 44 1 45 1 46 1 47 1 
25 1 1 2 1 3 1 4 1 5 1 8 1 9 1 10 1 11 1 12 1 15 1 16 1 17 1 18 1 19 1 22 1 23 1 24 1 25 1 26 1 29 1 30 1 31 1 32 1 33 1 
35 1 1 2 1 3 1 4 1 5 1 8 1 9 1 10 1 11 1 12 1 15 1 16 1 17 1 18 1 19 1 22 1 23 1 24 1 25 1 26 1 29 1 30 1 31 1 32 1 33 1 36 1 37 1 38 1 39 1 40 1 43 1 44 1 45 1 46 1 47 1 
35 1 1 2 1 3 1 4 1 5 1 8 1 9 1 10 1 11 1 12 1 15 1 16 1 17 1 18 1 19 1 22 1 23 1 24 1 25 1 26 1 29 1 30 1 31 1 32 1 33 1 36 1 37 1 38 1 39 1 40 1 43 1 44 1 45 1 46 1 47 1 
