5 30 65 
600 
1 1 1

1 2 0 1 0 1 10.0
1 1 2 4 0 1 10.0
1 1 1 2 0 1 10.0
1 2 0 1 0 1 10.0
1 1 1 4 0 1 10.0
1 14 0 1 0 1 10.0
1 12 2 4 0 2 10.0
1 12 2 4 0 2 10.0
1 13 1 4 0 1 10.0
1 14 0 1 0 2 10.0
1 13 1 4 0 2 10.0
1 14 0 1 0 1 10.0
1 14 0 1 0 1 10.0
1 12 2 4 0 2 10.0
1 13 1 4 0 2 10.0
1 12 2 4 0 1 10.0
1 13 1 4 0 2 10.0
1 14 0 1 0 2 10.0
1 8 6 10 0 1 10.0
1 7 7 10 0 2 10.0
1 14 0 1 0 1 10.0
1 10 4 10 0 1 10.0
1 13 1 4 0 1 10.0
1 14 0 1 0 2 10.0
1 14 0 1 0 2 10.0
1 10 4 10 0 1 10.0
1 14 0 1 0 1 10.0
1 12 2 4 0 2 10.0
1 14 0 1 0 1 10.0
1 14 0 1 0 2 10.0
1 13 1 4 0 2 10.0
1 14 0 1 0 2 10.0
1 13 1 4 0 2 10.0
1 14 0 1 0 1 10.0
1 13 1 10 0 2 10.0
1 18 10 25 0 2 10.0
1 14 14 25 0 2 10.0
1 10 18 25 0 2 10.0
1 3 25 35 0 2 10.0
1 1 31 35 0 2 10.0
1 1 30 35 0 2 10.0
1 8 20 25 0 2 10.0
1 7 21 35 0 2 10.0
1 22 6 25 0 2 10.0
1 16 12 25 0 2 10.0
1 24 4 35 0 2 10.0
1 16 12 35 0 2 10.0
1 14 14 25 0 2 10.0
1 12 16 35 0 2 10.0
1 27 1 25 0 2 10.0
1 16 12 35 0 2 10.0
1 17 11 35 0 2 10.0
1 6 22 35 0 2 10.0
1 7 21 25 0 2 10.0
1 14 14 25 0 2 10.0
1 21 7 25 0 2 10.0
1 1 28 35 0 2 10.0
1 6 22 25 0 2 10.0
1 19 9 25 0 2 10.0
1 21 7 35 0 2 10.0
1 7 21 25 0 2 10.0
1 18 10 35 0 2 10.0
1 16 12 25 0 2 10.0
1 23 5 35 0 2 10.0
1 22 6 35 0 2 10.0
1 19 9 25 0 2 10.0
1 1 28 35 0 2 10.0
1 12 16 25 0 2 10.0
1 25 3 25 0 2 10.0
1 25 3 25 0 2 10.0
1 6 22 35 0 2 10.0
1 13 15 25 0 2 10.0
1 1 28 35 0 2 10.0
1 13 15 25 0 2 10.0
1 14 14 35 0 2 10.0
1 24 4 35 0 2 10.0
1 5 23 25 0 2 10.0
1 25 3 25 0 2 10.0
1 9 19 25 0 2 10.0
1 10 18 25 0 2 10.0
1 14 14 25 0 2 10.0
1 7 21 25 0 2 10.0
1 7 21 35 0 2 10.0
1 24 4 35 0 2 10.0
1 8 20 25 0 2 10.0
1 1 27 35 0 2 10.0
1 13 15 25 0 2 10.0
1 13 15 25 0 2 10.0
1 21 7 35 0 2 10.0
1 19 9 25 0 2 10.0
1 15 13 35 0 2 10.0
1 6 22 35 0 2 10.0
1 4 24 35 0 2 10.0
1 8 20 25 0 2 10.0
1 16 12 35 0 2 10.0
1 26 2 35 0 2 10.0
1 11 17 25 0 2 10.0
1 21 7 25 0 2 10.0
1 12 16 25 0 2 10.0
1 23 5 25 0 2 10.0
