500
4 1 0 2 0 3 0 4 0 
2 1 0 2 0 
1 1 0 
2 1 0 2 0 
1 1 0 
4 1 0 2 0 3 0 4 0 
4 1 0 2 0 3 0 4 0 
1 1 0 
2 1 0 2 0 
1 1 0 
2 1 0 2 0 
2 1 0 2 0 
2 1 0 2 0 
1 1 0 
2 1 0 2 0 
1 1 0 
1 1 0 
2 1 0 2 0 
1 1 0 
1 1 0 
4 1 0 2 0 3 0 4 0 
2 1 0 2 0 
2 1 0 2 0 
2 1 0 2 0 
2 1 0 2 0 
4 1 0 2 0 3 0 4 0 
4 1 1 2 1 3 1 4 1 
10 1 1 2 1 3 1 4 1 5 1 8 1 9 1 10 1 11 1 12 1 
1 1 1 
1 1 1 
4 1 0 2 0 3 0 4 0 
1 1 1 
1 3 0 
4 4 0 5 0 8 0 9 0 
1 1 1 
10 3 0 4 0 5 0 8 0 9 0 10 0 11 0 12 0 15 0 16 0 
4 1 1 2 1 3 1 4 1 
1 3 0 
1 1 0 
10 3 0 4 0 5 0 8 0 9 0 10 0 11 0 12 0 15 0 16 0 
4 3 0 4 0 5 0 8 0 
4 1 0 2 0 3 0 4 0 
1 3 0 
1 3 0 
10 3 1 4 1 5 1 8 1 9 1 10 1 11 1 12 1 15 1 16 1 
10 3 0 4 0 5 0 8 0 9 0 10 0 11 0 12 0 15 0 16 0 
10 1 0 2 0 3 0 4 0 5 0 8 0 9 0 10 0 11 0 12 0 
1 4 0 
1 1 0 
10 1 1 2 1 3 1 4 1 5 1 8 1 9 1 10 1 11 1 12 1 
10 3 1 4 1 5 1 8 1 9 1 10 1 11 1 12 1 15 1 16 1 
4 3 0 4 0 5 0 8 0 
4 1 1 2 1 3 1 4 1 
4 3 0 4 0 5 0 8 0 
1 3 1 
1 1 1 
4 1 1 2 1 3 1 4 1 
4 1 1 2 1 3 1 4 1 
4 3 0 4 0 5 0 8 0 
10 3 0 4 0 5 0 8 0 9 0 10 0 11 0 12 0 15 0 16 0 
4 3 1 4 1 5 1 8 1 
4 1 0 2 0 3 0 4 0 
1 1 0 
4 3 0 4 0 5 0 8 0 
10 1 0 2 0 3 0 4 0 5 0 8 0 9 0 10 0 11 0 12 0 
1 1 1 
1 1 0 
4 3 1 4 1 5 1 8 1 
10 1 1 2 1 3 1 4 1 5 1 8 1 9 1 10 1 11 1 12 1 
1 1 1 
1 3 0 
10 3 0 4 0 5 0 8 0 9 0 10 0 11 0 12 0 15 0 16 0 
10 1 1 2 1 3 1 4 1 5 1 8 1 9 1 10 1 11 1 12 1 
4 1 1 2 1 3 1 4 1 
10 1 1 2 1 3 1 4 1 5 1 8 1 9 1 10 1 11 1 12 1 
4 1 1 2 1 3 1 4 1 
4 1 1 2 1 3 1 4 1 
1 3 0 
10 1 0 2 0 3 0 4 0 5 0 8 0 9 0 10 0 11 0 12 0 
1 3 0 
1 1 1 
10 1 0 2 0 3 0 4 0 5 0 8 0 9 0 10 0 11 0 12 0 
1 1 1 
1 3 1 
1 1 0 
10 1 1 2 1 3 1 4 1 5 1 8 1 9 1 10 1 11 1 12 1 
4 1 1 2 1 3 1 4 1 
4 1 0 2 0 3 0 4 0 
1 3 0 
4 1 0 2 0 3 0 4 0 
1 3 1 
4 3 0 4 0 5 0 8 0 
10 3 0 4 0 5 0 8 0 9 0 10 0 11 0 12 0 15 0 16 0 
1 1 0 
1 3 1 
1 1 1 
1 1 1 
10 1 1 2 1 3 1 4 1 5 1 8 1 9 1 10 1 11 1 12 1 
1 3 0 
4 1 1 2 1 3 1 4 1 
1 1 1 
1 1 0 
10 1 1 2 1 3 1 4 1 5 1 8 1 9 1 10 1 11 1 12 1 
1 3 1 
4 1 1 2 1 3 1 4 1 
1 1 0 
4 3 0 4 0 5 0 8 0 
1 3 0 
1 3 0 
1 3 0 
10 1 0 2 0 3 0 4 0 5 0 8 0 9 0 10 0 11 0 12 0 
10 1 1 2 1 3 1 4 1 5 1 8 1 9 1 10 1 11 1 12 1 
10 3 0 4 0 5 0 8 0 9 0 10 0 11 0 12 0 15 0 16 0 
10 3 0 4 0 5 0 8 0 9 0 10 0 11 0 12 0 15 0 16 0 
1 3 1 
10 1 1 2 1 3 1 4 1 5 1 8 1 9 1 10 1 11 1 12 1 
4 3 1 4 1 5 1 8 1 
1 1 0 
10 3 0 4 0 5 0 8 0 9 0 10 0 11 0 12 0 15 0 16 0 
10 1 1 2 1 3 1 4 1 5 1 8 1 9 1 10 1 11 1 12 1 
1 1 0 
1 1 0 
1 3 0 
10 1 1 2 1 3 1 4 1 5 1 8 1 9 1 10 1 11 1 12 1 
1 1 1 
10 1 1 2 1 3 1 4 1 5 1 8 1 9 1 10 1 11 1 12 1 
4 1 1 2 1 3 1 4 1 
1 1 0 
10 1 1 2 1 3 1 4 1 5 1 8 1 9 1 10 1 11 1 12 1 
4 1 0 2 0 3 0 4 0 
4 1 0 2 0 3 0 4 0 
1 1 1 
4 1 1 2 1 3 1 4 1 
1 1 0 
1 1 1 
10 3 1 4 1 5 1 8 1 9 1 10 1 11 1 12 1 15 1 16 1 
1 1 1 
1 3 0 
1 3 0 
1 1 1 
1 1 1 
1 1 1 
4 1 1 2 1 3 1 4 1 
10 1 0 2 0 3 0 4 0 5 0 8 0 9 0 10 0 11 0 12 0 
1 1 0 
1 1 0 
1 3 0 
1 1 0 
10 1 1 2 1 3 1 4 1 5 1 8 1 9 1 10 1 11 1 12 1 
4 3 0 4 0 5 0 8 0 
10 1 0 2 0 3 0 4 0 5 0 8 0 9 0 10 0 11 0 12 0 
1 1 1 
1 1 0 
10 1 1 2 1 3 1 4 1 5 1 8 1 9 1 10 1 11 1 12 1 
4 3 1 4 1 5 1 8 1 
4 1 1 2 1 3 1 4 1 
1 1 1 
1 1 1 
4 3 1 4 1 5 1 8 1 
1 1 1 
1 3 0 
1 1 1 
4 3 0 4 0 5 0 8 0 
1 1 1 
1 3 0 
4 3 1 4 1 5 1 8 1 
4 1 1 2 1 3 1 4 1 
1 1 1 
1 1 1 
1 3 0 
1 3 0 
4 3 0 4 0 5 0 8 0 
1 3 0 
1 1 0 
1 1 0 
35 197 1 198 1 199 1 200 1 201 1 204 1 205 1 206 1 207 1 208 1 211 1 212 1 213 1 214 1 215 1 218 1 219 1 220 1 221 1 222 1 225 1 226 1 227 1 228 1 229 1 232 1 233 1 234 1 235 1 236 1 239 1 240 1 241 1 242 1 243 1 
35 177 1 178 1 179 1 180 1 183 1 184 1 185 1 186 1 187 1 190 1 191 1 192 1 193 1 194 1 197 1 198 1 199 1 200 1 201 1 204 1 205 1 206 1 207 1 208 1 211 1 212 1 213 1 214 1 215 1 218 1 219 1 220 1 221 1 222 1 225 1 
25 38 1 39 1 40 1 43 1 44 1 45 1 46 1 47 1 50 1 51 1 52 1 53 1 54 1 57 1 58 1 59 1 60 1 61 1 64 1 65 1 66 1 67 1 68 1 71 1 72 1 
35 136 1 137 1 138 1 141 1 142 1 143 1 144 1 145 1 148 1 149 1 150 1 151 1 152 1 155 1 156 1 157 1 158 1 159 1 162 1 163 1 164 1 165 1 166 1 169 1 170 1 171 1 172 1 173 1 176 1 177 1 178 1 179 1 180 1 183 1 184 1 
25 157 1 158 1 159 1 162 1 163 1 164 1 165 1 166 1 169 1 170 1 171 1 172 1 173 1 176 1 177 1 178 1 179 1 180 1 183 1 184 1 185 1 186 1 187 1 190 1 191 1 
35 148 1 149 1 150 1 151 1 152 1 155 1 156 1 157 1 158 1 159 1 162 1 163 1 164 1 165 1 166 1 169 1 170 1 171 1 172 1 173 1 176 1 177 1 178 1 179 1 180 1 183 1 184 1 185 1 186 1 187 1 190 1 191 1 192 1 193 1 194 1 
25 50 1 51 1 52 1 53 1 54 1 57 1 58 1 59 1 60 1 61 1 64 1 65 1 66 1 67 1 68 1 71 1 72 1 73 1 74 1 75 1 78 1 79 1 80 1 81 1 82 1 
35 171 1 172 1 173 1 176 1 177 1 178 1 179 1 180 1 183 1 184 1 185 1 186 1 187 1 190 1 191 1 192 1 193 1 194 1 197 1 198 1 199 1 200 1 201 1 204 1 205 1 206 1 207 1 208 1 211 1 212 1 213 1 214 1 215 1 218 1 219 1 
35 148 1 149 1 150 1 151 1 152 1 155 1 156 1 157 1 158 1 159 1 162 1 163 1 164 1 165 1 166 1 169 1 170 1 171 1 172 1 173 1 176 1 177 1 178 1 179 1 180 1 183 1 184 1 185 1 186 1 187 1 190 1 191 1 192 1 193 1 194 1 
25 136 1 137 1 138 1 141 1 142 1 143 1 144 1 145 1 148 1 149 1 150 1 151 1 152 1 155 1 156 1 157 1 158 1 159 1 162 1 163 1 164 1 165 1 166 1 169 1 170 1 
35 87 1 88 1 89 1 92 1 93 1 94 1 95 1 96 1 99 1 100 1 101 1 102 1 103 1 106 1 107 1 108 1 109 1 110 1 113 1 114 1 115 1 116 1 117 1 120 1 121 1 122 1 123 1 124 1 127 1 128 1 129 1 130 1 131 1 134 1 135 1 
35 88 1 89 1 92 1 93 1 94 1 95 1 96 1 99 1 100 1 101 1 102 1 103 1 106 1 107 1 108 1 109 1 110 1 113 1 114 1 115 1 116 1 117 1 120 1 121 1 122 1 123 1 124 1 127 1 128 1 129 1 130 1 131 1 134 1 135 1 136 1 
25 43 1 44 1 45 1 46 1 47 1 50 1 51 1 52 1 53 1 54 1 57 1 58 1 59 1 60 1 61 1 64 1 65 1 66 1 67 1 68 1 71 1 72 1 73 1 74 1 75 1 
35 127 1 128 1 129 1 130 1 131 1 134 1 135 1 136 1 137 1 138 1 141 1 142 1 143 1 144 1 145 1 148 1 149 1 150 1 151 1 152 1 155 1 156 1 157 1 158 1 159 1 162 1 163 1 164 1 165 1 166 1 169 1 170 1 171 1 172 1 173 1 
25 15 1 16 1 17 1 18 1 19 1 22 1 23 1 24 1 25 1 26 1 29 1 30 1 31 1 32 1 33 1 36 1 37 1 38 1 39 1 40 1 43 1 44 1 45 1 46 1 47 1 
25 207 1 208 1 211 1 212 1 213 1 214 1 215 1 218 1 219 1 220 1 221 1 222 1 225 1 226 1 227 1 228 1 229 1 232 1 233 1 234 1 235 1 236 1 239 1 240 1 241 1 
25 4 1 5 1 8 1 9 1 10 1 11 1 12 1 15 1 16 1 17 1 18 1 19 1 22 1 23 1 24 1 25 1 26 1 29 1 30 1 31 1 32 1 33 1 36 1 37 1 38 1 
25 52 1 53 1 54 1 57 1 58 1 59 1 60 1 61 1 64 1 65 1 66 1 67 1 68 1 71 1 72 1 73 1 74 1 75 1 78 1 79 1 80 1 81 1 82 1 85 1 86 1 
35 134 1 135 1 136 1 137 1 138 1 141 1 142 1 143 1 144 1 145 1 148 1 149 1 150 1 151 1 152 1 155 1 156 1 157 1 158 1 159 1 162 1 163 1 164 1 165 1 166 1 169 1 170 1 171 1 172 1 173 1 176 1 177 1 178 1 179 1 180 1 
35 85 1 86 1 87 1 88 1 89 1 92 1 93 1 94 1 95 1 96 1 99 1 100 1 101 1 102 1 103 1 106 1 107 1 108 1 109 1 110 1 113 1 114 1 115 1 116 1 117 1 120 1 121 1 122 1 123 1 124 1 127 1 128 1 129 1 130 1 131 1 
35 8 1 9 1 10 1 11 1 12 1 15 1 16 1 17 1 18 1 19 1 22 1 23 1 24 1 25 1 26 1 29 1 30 1 31 1 32 1 33 1 36 1 37 1 38 1 39 1 40 1 43 1 44 1 45 1 46 1 47 1 50 1 51 1 52 1 53 1 54 1 
35 206 1 207 1 208 1 211 1 212 1 213 1 214 1 215 1 218 1 219 1 220 1 221 1 222 1 225 1 226 1 227 1 228 1 229 1 232 1 233 1 234 1 235 1 236 1 239 1 240 1 241 1 242 1 243 1 246 1 247 1 248 1 249 1 250 1 253 1 254 1 
25 134 1 135 1 136 1 137 1 138 1 141 1 142 1 143 1 144 1 145 1 148 1 149 1 150 1 151 1 152 1 155 1 156 1 157 1 158 1 159 1 162 1 163 1 164 1 165 1 166 1 
35 162 1 163 1 164 1 165 1 166 1 169 1 170 1 171 1 172 1 173 1 176 1 177 1 178 1 179 1 180 1 183 1 184 1 185 1 186 1 187 1 190 1 191 1 192 1 193 1 194 1 197 1 198 1 199 1 200 1 201 1 204 1 205 1 206 1 207 1 208 1 
25 15 1 16 1 17 1 18 1 19 1 22 1 23 1 24 1 25 1 26 1 29 1 30 1 31 1 32 1 33 1 36 1 37 1 38 1 39 1 40 1 43 1 44 1 45 1 46 1 47 1 
25 149 1 150 1 151 1 152 1 155 1 156 1 157 1 158 1 159 1 162 1 163 1 164 1 165 1 166 1 169 1 170 1 171 1 172 1 173 1 176 1 177 1 178 1 179 1 180 1 183 1 
35 43 1 44 1 45 1 46 1 47 1 50 1 51 1 52 1 53 1 54 1 57 1 58 1 59 1 60 1 61 1 64 1 65 1 66 1 67 1 68 1 71 1 72 1 73 1 74 1 75 1 78 1 79 1 80 1 81 1 82 1 85 1 86 1 87 1 88 1 89 1 
35 185 1 186 1 187 1 190 1 191 1 192 1 193 1 194 1 197 1 198 1 199 1 200 1 201 1 204 1 205 1 206 1 207 1 208 1 211 1 212 1 213 1 214 1 215 1 218 1 219 1 220 1 221 1 222 1 225 1 226 1 227 1 228 1 229 1 232 1 233 1 
25 211 1 212 1 213 1 214 1 215 1 218 1 219 1 220 1 221 1 222 1 225 1 226 1 227 1 228 1 229 1 232 1 233 1 234 1 235 1 236 1 239 1 240 1 241 1 242 1 243 1 
25 136 1 137 1 138 1 141 1 142 1 143 1 144 1 145 1 148 1 149 1 150 1 151 1 152 1 155 1 156 1 157 1 158 1 159 1 162 1 163 1 164 1 165 1 166 1 169 1 170 1 
35 43 1 44 1 45 1 46 1 47 1 50 1 51 1 52 1 53 1 54 1 57 1 58 1 59 1 60 1 61 1 64 1 65 1 66 1 67 1 68 1 71 1 72 1 73 1 74 1 75 1 78 1 79 1 80 1 81 1 82 1 85 1 86 1 87 1 88 1 89 1 
25 3 1 4 1 5 1 8 1 9 1 10 1 11 1 12 1 15 1 16 1 17 1 18 1 19 1 22 1 23 1 24 1 25 1 26 1 29 1 30 1 31 1 32 1 33 1 36 1 37 1 
25 15 1 16 1 17 1 18 1 19 1 22 1 23 1 24 1 25 1 26 1 29 1 30 1 31 1 32 1 33 1 36 1 37 1 38 1 39 1 40 1 43 1 44 1 45 1 46 1 47 1 
25 93 1 94 1 95 1 96 1 99 1 100 1 101 1 102 1 103 1 106 1 107 1 108 1 109 1 110 1 113 1 114 1 115 1 116 1 117 1 120 1 121 1 122 1 123 1 124 1 127 1 
35 15 1 16 1 17 1 18 1 19 1 22 1 23 1 24 1 25 1 26 1 29 1 30 1 31 1 32 1 33 1 36 1 37 1 38 1 39 1 40 1 43 1 44 1 45 1 46 1 47 1 50 1 51 1 52 1 53 1 54 1 57 1 58 1 59 1 60 1 61 1 
25 141 1 142 1 143 1 144 1 145 1 148 1 149 1 150 1 151 1 152 1 155 1 156 1 157 1 158 1 159 1 162 1 163 1 164 1 165 1 166 1 169 1 170 1 171 1 172 1 173 1 
25 52 1 53 1 54 1 57 1 58 1 59 1 60 1 61 1 64 1 65 1 66 1 67 1 68 1 71 1 72 1 73 1 74 1 75 1 78 1 79 1 80 1 81 1 82 1 85 1 86 1 
35 155 1 156 1 157 1 158 1 159 1 162 1 163 1 164 1 165 1 166 1 169 1 170 1 171 1 172 1 173 1 176 1 177 1 178 1 179 1 180 1 183 1 184 1 185 1 186 1 187 1 190 1 191 1 192 1 193 1 194 1 197 1 198 1 199 1 200 1 201 1 
35 155 1 156 1 157 1 158 1 159 1 162 1 163 1 164 1 165 1 166 1 169 1 170 1 171 1 172 1 173 1 176 1 177 1 178 1 179 1 180 1 183 1 184 1 185 1 186 1 187 1 190 1 191 1 192 1 193 1 194 1 197 1 198 1 199 1 200 1 201 1 
25 176 1 177 1 178 1 179 1 180 1 183 1 184 1 185 1 186 1 187 1 190 1 191 1 192 1 193 1 194 1 197 1 198 1 199 1 200 1 201 1 204 1 205 1 206 1 207 1 208 1 
35 123 1 124 1 127 1 128 1 129 1 130 1 131 1 134 1 135 1 136 1 137 1 138 1 141 1 142 1 143 1 144 1 145 1 148 1 149 1 150 1 151 1 152 1 155 1 156 1 157 1 158 1 159 1 162 1 163 1 164 1 165 1 166 1 169 1 170 1 171 1 
25 176 1 177 1 178 1 179 1 180 1 183 1 184 1 185 1 186 1 187 1 190 1 191 1 192 1 193 1 194 1 197 1 198 1 199 1 200 1 201 1 204 1 205 1 206 1 207 1 208 1 
35 134 1 135 1 136 1 137 1 138 1 141 1 142 1 143 1 144 1 145 1 148 1 149 1 150 1 151 1 152 1 155 1 156 1 157 1 158 1 159 1 162 1 163 1 164 1 165 1 166 1 169 1 170 1 171 1 172 1 173 1 176 1 177 1 178 1 179 1 180 1 
25 211 1 212 1 213 1 214 1 215 1 218 1 219 1 220 1 221 1 222 1 225 1 226 1 227 1 228 1 229 1 232 1 233 1 234 1 235 1 236 1 239 1 240 1 241 1 242 1 243 1 
25 141 1 142 1 143 1 144 1 145 1 148 1 149 1 150 1 151 1 152 1 155 1 156 1 157 1 158 1 159 1 162 1 163 1 164 1 165 1 166 1 169 1 170 1 171 1 172 1 173 1 
25 162 1 163 1 164 1 165 1 166 1 169 1 170 1 171 1 172 1 173 1 176 1 177 1 178 1 179 1 180 1 183 1 184 1 185 1 186 1 187 1 190 1 191 1 192 1 193 1 194 1 
35 8 1 9 1 10 1 11 1 12 1 15 1 16 1 17 1 18 1 19 1 22 1 23 1 24 1 25 1 26 1 29 1 30 1 31 1 32 1 33 1 36 1 37 1 38 1 39 1 40 1 43 1 44 1 45 1 46 1 47 1 50 1 51 1 52 1 53 1 54 1 
25 136 1 137 1 138 1 141 1 142 1 143 1 144 1 145 1 148 1 149 1 150 1 151 1 152 1 155 1 156 1 157 1 158 1 159 1 162 1 163 1 164 1 165 1 166 1 169 1 170 1 
35 113 1 114 1 115 1 116 1 117 1 120 1 121 1 122 1 123 1 124 1 127 1 128 1 129 1 130 1 131 1 134 1 135 1 136 1 137 1 138 1 141 1 142 1 143 1 144 1 145 1 148 1 149 1 150 1 151 1 152 1 155 1 156 1 157 1 158 1 159 1 
25 127 1 128 1 129 1 130 1 131 1 134 1 135 1 136 1 137 1 138 1 141 1 142 1 143 1 144 1 145 1 148 1 149 1 150 1 151 1 152 1 155 1 156 1 157 1 158 1 159 1 
35 148 1 149 1 150 1 151 1 152 1 155 1 156 1 157 1 158 1 159 1 162 1 163 1 164 1 165 1 166 1 169 1 170 1 171 1 172 1 173 1 176 1 177 1 178 1 179 1 180 1 183 1 184 1 185 1 186 1 187 1 190 1 191 1 192 1 193 1 194 1 
35 3 1 4 1 5 1 8 1 9 1 10 1 11 1 12 1 15 1 16 1 17 1 18 1 19 1 22 1 23 1 24 1 25 1 26 1 29 1 30 1 31 1 32 1 33 1 36 1 37 1 38 1 39 1 40 1 43 1 44 1 45 1 46 1 47 1 50 1 51 1 
35 137 1 138 1 141 1 142 1 143 1 144 1 145 1 148 1 149 1 150 1 151 1 152 1 155 1 156 1 157 1 158 1 159 1 162 1 163 1 164 1 165 1 166 1 169 1 170 1 171 1 172 1 173 1 176 1 177 1 178 1 179 1 180 1 183 1 184 1 185 1 
25 197 1 198 1 199 1 200 1 201 1 204 1 205 1 206 1 207 1 208 1 211 1 212 1 213 1 214 1 215 1 218 1 219 1 220 1 221 1 222 1 225 1 226 1 227 1 228 1 229 1 
25 43 1 44 1 45 1 46 1 47 1 50 1 51 1 52 1 53 1 54 1 57 1 58 1 59 1 60 1 61 1 64 1 65 1 66 1 67 1 68 1 71 1 72 1 73 1 74 1 75 1 
35 192 1 193 1 194 1 197 1 198 1 199 1 200 1 201 1 204 1 205 1 206 1 207 1 208 1 211 1 212 1 213 1 214 1 215 1 218 1 219 1 220 1 221 1 222 1 225 1 226 1 227 1 228 1 229 1 232 1 233 1 234 1 235 1 236 1 239 1 240 1 
35 197 1 198 1 199 1 200 1 201 1 204 1 205 1 206 1 207 1 208 1 211 1 212 1 213 1 214 1 215 1 218 1 219 1 220 1 221 1 222 1 225 1 226 1 227 1 228 1 229 1 232 1 233 1 234 1 235 1 236 1 239 1 240 1 241 1 242 1 243 1 
35 162 1 163 1 164 1 165 1 166 1 169 1 170 1 171 1 172 1 173 1 176 1 177 1 178 1 179 1 180 1 183 1 184 1 185 1 186 1 187 1 190 1 191 1 192 1 193 1 194 1 197 1 198 1 199 1 200 1 201 1 204 1 205 1 206 1 207 1 208 1 
35 172 1 173 1 176 1 177 1 178 1 179 1 180 1 183 1 184 1 185 1 186 1 187 1 190 1 191 1 192 1 193 1 194 1 197 1 198 1 199 1 200 1 201 1 204 1 205 1 206 1 207 1 208 1 211 1 212 1 213 1 214 1 215 1 218 1 219 1 220 1 
35 85 1 86 1 87 1 88 1 89 1 92 1 93 1 94 1 95 1 96 1 99 1 100 1 101 1 102 1 103 1 106 1 107 1 108 1 109 1 110 1 113 1 114 1 115 1 116 1 117 1 120 1 121 1 122 1 123 1 124 1 127 1 128 1 129 1 130 1 131 1 
35 3 1 4 1 5 1 8 1 9 1 10 1 11 1 12 1 15 1 16 1 17 1 18 1 19 1 22 1 23 1 24 1 25 1 26 1 29 1 30 1 31 1 32 1 33 1 36 1 37 1 38 1 39 1 40 1 43 1 44 1 45 1 46 1 47 1 50 1 51 1 
25 66 1 67 1 68 1 71 1 72 1 73 1 74 1 75 1 78 1 79 1 80 1 81 1 82 1 85 1 86 1 87 1 88 1 89 1 92 1 93 1 94 1 95 1 96 1 99 1 100 1 
35 193 1 194 1 197 1 198 1 199 1 200 1 201 1 204 1 205 1 206 1 207 1 208 1 211 1 212 1 213 1 214 1 215 1 218 1 219 1 220 1 221 1 222 1 225 1 226 1 227 1 228 1 229 1 232 1 233 1 234 1 235 1 236 1 239 1 240 1 241 1 
25 190 1 191 1 192 1 193 1 194 1 197 1 198 1 199 1 200 1 201 1 204 1 205 1 206 1 207 1 208 1 211 1 212 1 213 1 214 1 215 1 218 1 219 1 220 1 221 1 222 1 
25 15 1 16 1 17 1 18 1 19 1 22 1 23 1 24 1 25 1 26 1 29 1 30 1 31 1 32 1 33 1 36 1 37 1 38 1 39 1 40 1 43 1 44 1 45 1 46 1 47 1 
35 198 1 199 1 200 1 201 1 204 1 205 1 206 1 207 1 208 1 211 1 212 1 213 1 214 1 215 1 218 1 219 1 220 1 221 1 222 1 225 1 226 1 227 1 228 1 229 1 232 1 233 1 234 1 235 1 236 1 239 1 240 1 241 1 242 1 243 1 246 1 
35 85 1 86 1 87 1 88 1 89 1 92 1 93 1 94 1 95 1 96 1 99 1 100 1 101 1 102 1 103 1 106 1 107 1 108 1 109 1 110 1 113 1 114 1 115 1 116 1 117 1 120 1 121 1 122 1 123 1 124 1 127 1 128 1 129 1 130 1 131 1 
35 204 1 205 1 206 1 207 1 208 1 211 1 212 1 213 1 214 1 215 1 218 1 219 1 220 1 221 1 222 1 225 1 226 1 227 1 228 1 229 1 232 1 233 1 234 1 235 1 236 1 239 1 240 1 241 1 242 1 243 1 246 1 247 1 248 1 249 1 250 1 
25 169 1 170 1 171 1 172 1 173 1 176 1 177 1 178 1 179 1 180 1 183 1 184 1 185 1 186 1 187 1 190 1 191 1 192 1 193 1 194 1 197 1 198 1 199 1 200 1 201 1 
35 199 1 200 1 201 1 204 1 205 1 206 1 207 1 208 1 211 1 212 1 213 1 214 1 215 1 218 1 219 1 220 1 221 1 222 1 225 1 226 1 227 1 228 1 229 1 232 1 233 1 234 1 235 1 236 1 239 1 240 1 241 1 242 1 243 1 246 1 247 1 
35 15 1 16 1 17 1 18 1 19 1 22 1 23 1 24 1 25 1 26 1 29 1 30 1 31 1 32 1 33 1 36 1 37 1 38 1 39 1 40 1 43 1 44 1 45 1 46 1 47 1 50 1 51 1 52 1 53 1 54 1 57 1 58 1 59 1 60 1 61 1 
25 206 1 207 1 208 1 211 1 212 1 213 1 214 1 215 1 218 1 219 1 220 1 221 1 222 1 225 1 226 1 227 1 228 1 229 1 232 1 233 1 234 1 235 1 236 1 239 1 240 1 
25 4 1 5 1 8 1 9 1 10 1 11 1 12 1 15 1 16 1 17 1 18 1 19 1 22 1 23 1 24 1 25 1 26 1 29 1 30 1 31 1 32 1 33 1 36 1 37 1 38 1 
35 85 1 86 1 87 1 88 1 89 1 92 1 93 1 94 1 95 1 96 1 99 1 100 1 101 1 102 1 103 1 106 1 107 1 108 1 109 1 110 1 113 1 114 1 115 1 116 1 117 1 120 1 121 1 122 1 123 1 124 1 127 1 128 1 129 1 130 1 131 1 
35 162 1 163 1 164 1 165 1 166 1 169 1 170 1 171 1 172 1 173 1 176 1 177 1 178 1 179 1 180 1 183 1 184 1 185 1 186 1 187 1 190 1 191 1 192 1 193 1 194 1 197 1 198 1 199 1 200 1 201 1 204 1 205 1 206 1 207 1 208 1 
25 151 1 152 1 155 1 156 1 157 1 158 1 159 1 162 1 163 1 164 1 165 1 166 1 169 1 170 1 171 1 172 1 173 1 176 1 177 1 178 1 179 1 180 1 183 1 184 1 185 1 
25 50 1 51 1 52 1 53 1 54 1 57 1 58 1 59 1 60 1 61 1 64 1 65 1 66 1 67 1 68 1 71 1 72 1 73 1 74 1 75 1 78 1 79 1 80 1 81 1 82 1 
35 190 1 191 1 192 1 193 1 194 1 197 1 198 1 199 1 200 1 201 1 204 1 205 1 206 1 207 1 208 1 211 1 212 1 213 1 214 1 215 1 218 1 219 1 220 1 221 1 222 1 225 1 226 1 227 1 228 1 229 1 232 1 233 1 234 1 235 1 236 1 
35 211 1 212 1 213 1 214 1 215 1 218 1 219 1 220 1 221 1 222 1 225 1 226 1 227 1 228 1 229 1 232 1 233 1 234 1 235 1 236 1 239 1 240 1 241 1 242 1 243 1 246 1 247 1 248 1 249 1 250 1 253 1 254 1 255 1 256 1 257 1 
25 57 1 58 1 59 1 60 1 61 1 64 1 65 1 66 1 67 1 68 1 71 1 72 1 73 1 74 1 75 1 78 1 79 1 80 1 81 1 82 1 85 1 86 1 87 1 88 1 89 1 
25 127 1 128 1 129 1 130 1 131 1 134 1 135 1 136 1 137 1 138 1 141 1 142 1 143 1 144 1 145 1 148 1 149 1 150 1 151 1 152 1 155 1 156 1 157 1 158 1 159 1 
35 52 1 53 1 54 1 57 1 58 1 59 1 60 1 61 1 64 1 65 1 66 1 67 1 68 1 71 1 72 1 73 1 74 1 75 1 78 1 79 1 80 1 81 1 82 1 85 1 86 1 87 1 88 1 89 1 92 1 93 1 94 1 95 1 96 1 99 1 100 1 
35 197 1 198 1 199 1 200 1 201 1 204 1 205 1 206 1 207 1 208 1 211 1 212 1 213 1 214 1 215 1 218 1 219 1 220 1 221 1 222 1 225 1 226 1 227 1 228 1 229 1 232 1 233 1 234 1 235 1 236 1 239 1 240 1 241 1 242 1 243 1 
35 211 1 212 1 213 1 214 1 215 1 218 1 219 1 220 1 221 1 222 1 225 1 226 1 227 1 228 1 229 1 232 1 233 1 234 1 235 1 236 1 239 1 240 1 241 1 242 1 243 1 246 1 247 1 248 1 249 1 250 1 253 1 254 1 255 1 256 1 257 1 
35 177 1 178 1 179 1 180 1 183 1 184 1 185 1 186 1 187 1 190 1 191 1 192 1 193 1 194 1 197 1 198 1 199 1 200 1 201 1 204 1 205 1 206 1 207 1 208 1 211 1 212 1 213 1 214 1 215 1 218 1 219 1 220 1 221 1 222 1 225 1 
35 162 1 163 1 164 1 165 1 166 1 169 1 170 1 171 1 172 1 173 1 176 1 177 1 178 1 179 1 180 1 183 1 184 1 185 1 186 1 187 1 190 1 191 1 192 1 193 1 194 1 197 1 198 1 199 1 200 1 201 1 204 1 205 1 206 1 207 1 208 1 
35 78 1 79 1 80 1 81 1 82 1 85 1 86 1 87 1 88 1 89 1 92 1 93 1 94 1 95 1 96 1 99 1 100 1 101 1 102 1 103 1 106 1 107 1 108 1 109 1 110 1 113 1 114 1 115 1 116 1 117 1 120 1 121 1 122 1 123 1 124 1 
35 101 1 102 1 103 1 106 1 107 1 108 1 109 1 110 1 113 1 114 1 115 1 116 1 117 1 120 1 121 1 122 1 123 1 124 1 127 1 128 1 129 1 130 1 131 1 134 1 135 1 136 1 137 1 138 1 141 1 142 1 143 1 144 1 145 1 148 1 149 1 
25 92 1 93 1 94 1 95 1 96 1 99 1 100 1 101 1 102 1 103 1 106 1 107 1 108 1 109 1 110 1 113 1 114 1 115 1 116 1 117 1 120 1 121 1 122 1 123 1 124 1 
25 8 1 9 1 10 1 11 1 12 1 15 1 16 1 17 1 18 1 19 1 22 1 23 1 24 1 25 1 26 1 29 1 30 1 31 1 32 1 33 1 36 1 37 1 38 1 39 1 40 1 
35 15 1 16 1 17 1 18 1 19 1 22 1 23 1 24 1 25 1 26 1 29 1 30 1 31 1 32 1 33 1 36 1 37 1 38 1 39 1 40 1 43 1 44 1 45 1 46 1 47 1 50 1 51 1 52 1 53 1 54 1 57 1 58 1 59 1 60 1 61 1 
35 157 1 158 1 159 1 162 1 163 1 164 1 165 1 166 1 169 1 170 1 171 1 172 1 173 1 176 1 177 1 178 1 179 1 180 1 183 1 184 1 185 1 186 1 187 1 190 1 191 1 192 1 193 1 194 1 197 1 198 1 199 1 200 1 201 1 204 1 205 1 
25 92 1 93 1 94 1 95 1 96 1 99 1 100 1 101 1 102 1 103 1 106 1 107 1 108 1 109 1 110 1 113 1 114 1 115 1 116 1 117 1 120 1 121 1 122 1 123 1 124 1 
35 3 1 4 1 5 1 8 1 9 1 10 1 11 1 12 1 15 1 16 1 17 1 18 1 19 1 22 1 23 1 24 1 25 1 26 1 29 1 30 1 31 1 32 1 33 1 36 1 37 1 38 1 39 1 40 1 43 1 44 1 45 1 46 1 47 1 50 1 51 1 
25 9 1 10 1 11 1 12 1 15 1 16 1 17 1 18 1 19 1 22 1 23 1 24 1 25 1 26 1 29 1 30 1 31 1 32 1 33 1 36 1 37 1 38 1 39 1 40 1 43 1 
25 73 1 74 1 75 1 78 1 79 1 80 1 81 1 82 1 85 1 86 1 87 1 88 1 89 1 92 1 93 1 94 1 95 1 96 1 99 1 100 1 101 1 102 1 103 1 106 1 107 1 
25 127 1 128 1 129 1 130 1 131 1 134 1 135 1 136 1 137 1 138 1 141 1 142 1 143 1 144 1 145 1 148 1 149 1 150 1 151 1 152 1 155 1 156 1 157 1 158 1 159 1 
25 87 1 88 1 89 1 92 1 93 1 94 1 95 1 96 1 99 1 100 1 101 1 102 1 103 1 106 1 107 1 108 1 109 1 110 1 113 1 114 1 115 1 116 1 117 1 120 1 121 1 
35 106 1 107 1 108 1 109 1 110 1 113 1 114 1 115 1 116 1 117 1 120 1 121 1 122 1 123 1 124 1 127 1 128 1 129 1 130 1 131 1 134 1 135 1 136 1 137 1 138 1 141 1 142 1 143 1 144 1 145 1 148 1 149 1 150 1 151 1 152 1 
25 8 1 9 1 10 1 11 1 12 1 15 1 16 1 17 1 18 1 19 1 22 1 23 1 24 1 25 1 26 1 29 1 30 1 31 1 32 1 33 1 36 1 37 1 38 1 39 1 40 1 
25 15 1 16 1 17 1 18 1 19 1 22 1 23 1 24 1 25 1 26 1 29 1 30 1 31 1 32 1 33 1 36 1 37 1 38 1 39 1 40 1 43 1 44 1 45 1 46 1 47 1 
25 88 1 89 1 92 1 93 1 94 1 95 1 96 1 99 1 100 1 101 1 102 1 103 1 106 1 107 1 108 1 109 1 110 1 113 1 114 1 115 1 116 1 117 1 120 1 121 1 122 1 
35 3 1 4 1 5 1 8 1 9 1 10 1 11 1 12 1 15 1 16 1 17 1 18 1 19 1 22 1 23 1 24 1 25 1 26 1 29 1 30 1 31 1 32 1 33 1 36 1 37 1 38 1 39 1 40 1 43 1 44 1 45 1 46 1 47 1 50 1 51 1 
25 141 1 142 1 143 1 144 1 145 1 148 1 149 1 150 1 151 1 152 1 155 1 156 1 157 1 158 1 159 1 162 1 163 1 164 1 165 1 166 1 169 1 170 1 171 1 172 1 173 1 
25 73 1 74 1 75 1 78 1 79 1 80 1 81 1 82 1 85 1 86 1 87 1 88 1 89 1 92 1 93 1 94 1 95 1 96 1 99 1 100 1 101 1 102 1 103 1 106 1 107 1 
35 78 1 79 1 80 1 81 1 82 1 85 1 86 1 87 1 88 1 89 1 92 1 93 1 94 1 95 1 96 1 99 1 100 1 101 1 102 1 103 1 106 1 107 1 108 1 109 1 110 1 113 1 114 1 115 1 116 1 117 1 120 1 121 1 122 1 123 1 124 1 
25 52 1 53 1 54 1 57 1 58 1 59 1 60 1 61 1 64 1 65 1 66 1 67 1 68 1 71 1 72 1 73 1 74 1 75 1 78 1 79 1 80 1 81 1 82 1 85 1 86 1 
35 78 1 79 1 80 1 81 1 82 1 85 1 86 1 87 1 88 1 89 1 92 1 93 1 94 1 95 1 96 1 99 1 100 1 101 1 102 1 103 1 106 1 107 1 108 1 109 1 110 1 113 1 114 1 115 1 116 1 117 1 120 1 121 1 122 1 123 1 124 1 
25 176 1 177 1 178 1 179 1 180 1 183 1 184 1 185 1 186 1 187 1 190 1 191 1 192 1 193 1 194 1 197 1 198 1 199 1 200 1 201 1 204 1 205 1 206 1 207 1 208 1 
25 162 1 163 1 164 1 165 1 166 1 169 1 170 1 171 1 172 1 173 1 176 1 177 1 178 1 179 1 180 1 183 1 184 1 185 1 186 1 187 1 190 1 191 1 192 1 193 1 194 1 
35 211 1 212 1 213 1 214 1 215 1 218 1 219 1 220 1 221 1 222 1 225 1 226 1 227 1 228 1 229 1 232 1 233 1 234 1 235 1 236 1 239 1 240 1 241 1 242 1 243 1 246 1 247 1 248 1 249 1 250 1 253 1 254 1 255 1 256 1 257 1 
35 211 1 212 1 213 1 214 1 215 1 218 1 219 1 220 1 221 1 222 1 225 1 226 1 227 1 228 1 229 1 232 1 233 1 234 1 235 1 236 1 239 1 240 1 241 1 242 1 243 1 246 1 247 1 248 1 249 1 250 1 253 1 254 1 255 1 256 1 257 1 
35 15 1 16 1 17 1 18 1 19 1 22 1 23 1 24 1 25 1 26 1 29 1 30 1 31 1 32 1 33 1 36 1 37 1 38 1 39 1 40 1 43 1 44 1 45 1 46 1 47 1 50 1 51 1 52 1 53 1 54 1 57 1 58 1 59 1 60 1 61 1 
25 50 1 51 1 52 1 53 1 54 1 57 1 58 1 59 1 60 1 61 1 64 1 65 1 66 1 67 1 68 1 71 1 72 1 73 1 74 1 75 1 78 1 79 1 80 1 81 1 82 1 
25 127 1 128 1 129 1 130 1 131 1 134 1 135 1 136 1 137 1 138 1 141 1 142 1 143 1 144 1 145 1 148 1 149 1 150 1 151 1 152 1 155 1 156 1 157 1 158 1 159 1 
25 73 1 74 1 75 1 78 1 79 1 80 1 81 1 82 1 85 1 86 1 87 1 88 1 89 1 92 1 93 1 94 1 95 1 96 1 99 1 100 1 101 1 102 1 103 1 106 1 107 1 
35 162 1 163 1 164 1 165 1 166 1 169 1 170 1 171 1 172 1 173 1 176 1 177 1 178 1 179 1 180 1 183 1 184 1 185 1 186 1 187 1 190 1 191 1 192 1 193 1 194 1 197 1 198 1 199 1 200 1 201 1 204 1 205 1 206 1 207 1 208 1 
35 64 1 65 1 66 1 67 1 68 1 71 1 72 1 73 1 74 1 75 1 78 1 79 1 80 1 81 1 82 1 85 1 86 1 87 1 88 1 89 1 92 1 93 1 94 1 95 1 96 1 99 1 100 1 101 1 102 1 103 1 106 1 107 1 108 1 109 1 110 1 
35 57 1 58 1 59 1 60 1 61 1 64 1 65 1 66 1 67 1 68 1 71 1 72 1 73 1 74 1 75 1 78 1 79 1 80 1 81 1 82 1 85 1 86 1 87 1 88 1 89 1 92 1 93 1 94 1 95 1 96 1 99 1 100 1 101 1 102 1 103 1 
25 58 1 59 1 60 1 61 1 64 1 65 1 66 1 67 1 68 1 71 1 72 1 73 1 74 1 75 1 78 1 79 1 80 1 81 1 82 1 85 1 86 1 87 1 88 1 89 1 92 1 
25 8 1 9 1 10 1 11 1 12 1 15 1 16 1 17 1 18 1 19 1 22 1 23 1 24 1 25 1 26 1 29 1 30 1 31 1 32 1 33 1 36 1 37 1 38 1 39 1 40 1 
25 123 1 124 1 127 1 128 1 129 1 130 1 131 1 134 1 135 1 136 1 137 1 138 1 141 1 142 1 143 1 144 1 145 1 148 1 149 1 150 1 151 1 152 1 155 1 156 1 157 1 
25 128 1 129 1 130 1 131 1 134 1 135 1 136 1 137 1 138 1 141 1 142 1 143 1 144 1 145 1 148 1 149 1 150 1 151 1 152 1 155 1 156 1 157 1 158 1 159 1 162 1 
35 17 1 18 1 19 1 22 1 23 1 24 1 25 1 26 1 29 1 30 1 31 1 32 1 33 1 36 1 37 1 38 1 39 1 40 1 43 1 44 1 45 1 46 1 47 1 50 1 51 1 52 1 53 1 54 1 57 1 58 1 59 1 60 1 61 1 64 1 65 1 
35 113 1 114 1 115 1 116 1 117 1 120 1 121 1 122 1 123 1 124 1 127 1 128 1 129 1 130 1 131 1 134 1 135 1 136 1 137 1 138 1 141 1 142 1 143 1 144 1 145 1 148 1 149 1 150 1 151 1 152 1 155 1 156 1 157 1 158 1 159 1 
35 8 1 9 1 10 1 11 1 12 1 15 1 16 1 17 1 18 1 19 1 22 1 23 1 24 1 25 1 26 1 29 1 30 1 31 1 32 1 33 1 36 1 37 1 38 1 39 1 40 1 43 1 44 1 45 1 46 1 47 1 50 1 51 1 52 1 53 1 54 1 
35 106 1 107 1 108 1 109 1 110 1 113 1 114 1 115 1 116 1 117 1 120 1 121 1 122 1 123 1 124 1 127 1 128 1 129 1 130 1 131 1 134 1 135 1 136 1 137 1 138 1 141 1 142 1 143 1 144 1 145 1 148 1 149 1 150 1 151 1 152 1 
25 134 1 135 1 136 1 137 1 138 1 141 1 142 1 143 1 144 1 145 1 148 1 149 1 150 1 151 1 152 1 155 1 156 1 157 1 158 1 159 1 162 1 163 1 164 1 165 1 166 1 
35 207 1 208 1 211 1 212 1 213 1 214 1 215 1 218 1 219 1 220 1 221 1 222 1 225 1 226 1 227 1 228 1 229 1 232 1 233 1 234 1 235 1 236 1 239 1 240 1 241 1 242 1 243 1 246 1 247 1 248 1 249 1 250 1 253 1 254 1 255 1 
35 206 1 207 1 208 1 211 1 212 1 213 1 214 1 215 1 218 1 219 1 220 1 221 1 222 1 225 1 226 1 227 1 228 1 229 1 232 1 233 1 234 1 235 1 236 1 239 1 240 1 241 1 242 1 243 1 246 1 247 1 248 1 249 1 250 1 253 1 254 1 
25 88 1 89 1 92 1 93 1 94 1 95 1 96 1 99 1 100 1 101 1 102 1 103 1 106 1 107 1 108 1 109 1 110 1 113 1 114 1 115 1 116 1 117 1 120 1 121 1 122 1 
35 162 1 163 1 164 1 165 1 166 1 169 1 170 1 171 1 172 1 173 1 176 1 177 1 178 1 179 1 180 1 183 1 184 1 185 1 186 1 187 1 190 1 191 1 192 1 193 1 194 1 197 1 198 1 199 1 200 1 201 1 204 1 205 1 206 1 207 1 208 1 
25 50 1 51 1 52 1 53 1 54 1 57 1 58 1 59 1 60 1 61 1 64 1 65 1 66 1 67 1 68 1 71 1 72 1 73 1 74 1 75 1 78 1 79 1 80 1 81 1 82 1 
35 162 1 163 1 164 1 165 1 166 1 169 1 170 1 171 1 172 1 173 1 176 1 177 1 178 1 179 1 180 1 183 1 184 1 185 1 186 1 187 1 190 1 191 1 192 1 193 1 194 1 197 1 198 1 199 1 200 1 201 1 204 1 205 1 206 1 207 1 208 1 
35 52 1 53 1 54 1 57 1 58 1 59 1 60 1 61 1 64 1 65 1 66 1 67 1 68 1 71 1 72 1 73 1 74 1 75 1 78 1 79 1 80 1 81 1 82 1 85 1 86 1 87 1 88 1 89 1 92 1 93 1 94 1 95 1 96 1 99 1 100 1 
25 136 1 137 1 138 1 141 1 142 1 143 1 144 1 145 1 148 1 149 1 150 1 151 1 152 1 155 1 156 1 157 1 158 1 159 1 162 1 163 1 164 1 165 1 166 1 169 1 170 1 
35 218 1 219 1 220 1 221 1 222 1 225 1 226 1 227 1 228 1 229 1 232 1 233 1 234 1 235 1 236 1 239 1 240 1 241 1 242 1 243 1 246 1 247 1 248 1 249 1 250 1 253 1 254 1 255 1 256 1 257 1 260 1 261 1 262 1 263 1 264 1 
25 191 1 192 1 193 1 194 1 197 1 198 1 199 1 200 1 201 1 204 1 205 1 206 1 207 1 208 1 211 1 212 1 213 1 214 1 215 1 218 1 219 1 220 1 221 1 222 1 225 1 
25 9 1 10 1 11 1 12 1 15 1 16 1 17 1 18 1 19 1 22 1 23 1 24 1 25 1 26 1 29 1 30 1 31 1 32 1 33 1 36 1 37 1 38 1 39 1 40 1 43 1 
25 53 1 54 1 57 1 58 1 59 1 60 1 61 1 64 1 65 1 66 1 67 1 68 1 71 1 72 1 73 1 74 1 75 1 78 1 79 1 80 1 81 1 82 1 85 1 86 1 87 1 
25 44 1 45 1 46 1 47 1 50 1 51 1 52 1 53 1 54 1 57 1 58 1 59 1 60 1 61 1 64 1 65 1 66 1 67 1 68 1 71 1 72 1 73 1 74 1 75 1 78 1 
35 211 1 212 1 213 1 214 1 215 1 218 1 219 1 220 1 221 1 222 1 225 1 226 1 227 1 228 1 229 1 232 1 233 1 234 1 235 1 236 1 239 1 240 1 241 1 242 1 243 1 246 1 247 1 248 1 249 1 250 1 253 1 254 1 255 1 256 1 257 1 
25 183 1 184 1 185 1 186 1 187 1 190 1 191 1 192 1 193 1 194 1 197 1 198 1 199 1 200 1 201 1 204 1 205 1 206 1 207 1 208 1 211 1 212 1 213 1 214 1 215 1 
35 93 1 94 1 95 1 96 1 99 1 100 1 101 1 102 1 103 1 106 1 107 1 108 1 109 1 110 1 113 1 114 1 115 1 116 1 117 1 120 1 121 1 122 1 123 1 124 1 127 1 128 1 129 1 130 1 131 1 134 1 135 1 136 1 137 1 138 1 141 1 
25 57 1 58 1 59 1 60 1 61 1 64 1 65 1 66 1 67 1 68 1 71 1 72 1 73 1 74 1 75 1 78 1 79 1 80 1 81 1 82 1 85 1 86 1 87 1 88 1 89 1 
35 141 1 142 1 143 1 144 1 145 1 148 1 149 1 150 1 151 1 152 1 155 1 156 1 157 1 158 1 159 1 162 1 163 1 164 1 165 1 166 1 169 1 170 1 171 1 172 1 173 1 176 1 177 1 178 1 179 1 180 1 183 1 184 1 185 1 186 1 187 1 
25 3 1 4 1 5 1 8 1 9 1 10 1 11 1 12 1 15 1 16 1 17 1 18 1 19 1 22 1 23 1 24 1 25 1 26 1 29 1 30 1 31 1 32 1 33 1 36 1 37 1 
35 113 1 114 1 115 1 116 1 117 1 120 1 121 1 122 1 123 1 124 1 127 1 128 1 129 1 130 1 131 1 134 1 135 1 136 1 137 1 138 1 141 1 142 1 143 1 144 1 145 1 148 1 149 1 150 1 151 1 152 1 155 1 156 1 157 1 158 1 159 1 
25 142 1 143 1 144 1 145 1 148 1 149 1 150 1 151 1 152 1 155 1 156 1 157 1 158 1 159 1 162 1 163 1 164 1 165 1 166 1 169 1 170 1 171 1 172 1 173 1 176 1 
35 101 1 102 1 103 1 106 1 107 1 108 1 109 1 110 1 113 1 114 1 115 1 116 1 117 1 120 1 121 1 122 1 123 1 124 1 127 1 128 1 129 1 130 1 131 1 134 1 135 1 136 1 137 1 138 1 141 1 142 1 143 1 144 1 145 1 148 1 149 1 
35 92 1 93 1 94 1 95 1 96 1 99 1 100 1 101 1 102 1 103 1 106 1 107 1 108 1 109 1 110 1 113 1 114 1 115 1 116 1 117 1 120 1 121 1 122 1 123 1 124 1 127 1 128 1 129 1 130 1 131 1 134 1 135 1 136 1 137 1 138 1 
25 53 1 54 1 57 1 58 1 59 1 60 1 61 1 64 1 65 1 66 1 67 1 68 1 71 1 72 1 73 1 74 1 75 1 78 1 79 1 80 1 81 1 82 1 85 1 86 1 87 1 
35 39 1 40 1 43 1 44 1 45 1 46 1 47 1 50 1 51 1 52 1 53 1 54 1 57 1 58 1 59 1 60 1 61 1 64 1 65 1 66 1 67 1 68 1 71 1 72 1 73 1 74 1 75 1 78 1 79 1 80 1 81 1 82 1 85 1 86 1 87 1 
25 3 1 4 1 5 1 8 1 9 1 10 1 11 1 12 1 15 1 16 1 17 1 18 1 19 1 22 1 23 1 24 1 25 1 26 1 29 1 30 1 31 1 32 1 33 1 36 1 37 1 
35 120 1 121 1 122 1 123 1 124 1 127 1 128 1 129 1 130 1 131 1 134 1 135 1 136 1 137 1 138 1 141 1 142 1 143 1 144 1 145 1 148 1 149 1 150 1 151 1 152 1 155 1 156 1 157 1 158 1 159 1 162 1 163 1 164 1 165 1 166 1 
35 150 1 151 1 152 1 155 1 156 1 157 1 158 1 159 1 162 1 163 1 164 1 165 1 166 1 169 1 170 1 171 1 172 1 173 1 176 1 177 1 178 1 179 1 180 1 183 1 184 1 185 1 186 1 187 1 190 1 191 1 192 1 193 1 194 1 197 1 198 1 
25 15 1 16 1 17 1 18 1 19 1 22 1 23 1 24 1 25 1 26 1 29 1 30 1 31 1 32 1 33 1 36 1 37 1 38 1 39 1 40 1 43 1 44 1 45 1 46 1 47 1 
25 163 1 164 1 165 1 166 1 169 1 170 1 171 1 172 1 173 1 176 1 177 1 178 1 179 1 180 1 183 1 184 1 185 1 186 1 187 1 190 1 191 1 192 1 193 1 194 1 197 1 
35 204 1 205 1 206 1 207 1 208 1 211 1 212 1 213 1 214 1 215 1 218 1 219 1 220 1 221 1 222 1 225 1 226 1 227 1 228 1 229 1 232 1 233 1 234 1 235 1 236 1 239 1 240 1 241 1 242 1 243 1 246 1 247 1 248 1 249 1 250 1 
35 9 1 10 1 11 1 12 1 15 1 16 1 17 1 18 1 19 1 22 1 23 1 24 1 25 1 26 1 29 1 30 1 31 1 32 1 33 1 36 1 37 1 38 1 39 1 40 1 43 1 44 1 45 1 46 1 47 1 50 1 51 1 52 1 53 1 54 1 57 1 
25 88 1 89 1 92 1 93 1 94 1 95 1 96 1 99 1 100 1 101 1 102 1 103 1 106 1 107 1 108 1 109 1 110 1 113 1 114 1 115 1 116 1 117 1 120 1 121 1 122 1 
25 43 1 44 1 45 1 46 1 47 1 50 1 51 1 52 1 53 1 54 1 57 1 58 1 59 1 60 1 61 1 64 1 65 1 66 1 67 1 68 1 71 1 72 1 73 1 74 1 75 1 
35 57 1 58 1 59 1 60 1 61 1 64 1 65 1 66 1 67 1 68 1 71 1 72 1 73 1 74 1 75 1 78 1 79 1 80 1 81 1 82 1 85 1 86 1 87 1 88 1 89 1 92 1 93 1 94 1 95 1 96 1 99 1 100 1 101 1 102 1 103 1 
35 99 1 100 1 101 1 102 1 103 1 106 1 107 1 108 1 109 1 110 1 113 1 114 1 115 1 116 1 117 1 120 1 121 1 122 1 123 1 124 1 127 1 128 1 129 1 130 1 131 1 134 1 135 1 136 1 137 1 138 1 141 1 142 1 143 1 144 1 145 1 
35 38 1 39 1 40 1 43 1 44 1 45 1 46 1 47 1 50 1 51 1 52 1 53 1 54 1 57 1 58 1 59 1 60 1 61 1 64 1 65 1 66 1 67 1 68 1 71 1 72 1 73 1 74 1 75 1 78 1 79 1 80 1 81 1 82 1 85 1 86 1 
25 106 1 107 1 108 1 109 1 110 1 113 1 114 1 115 1 116 1 117 1 120 1 121 1 122 1 123 1 124 1 127 1 128 1 129 1 130 1 131 1 134 1 135 1 136 1 137 1 138 1 
35 87 1 88 1 89 1 92 1 93 1 94 1 95 1 96 1 99 1 100 1 101 1 102 1 103 1 106 1 107 1 108 1 109 1 110 1 113 1 114 1 115 1 116 1 117 1 120 1 121 1 122 1 123 1 124 1 127 1 128 1 129 1 130 1 131 1 134 1 135 1 
25 8 1 9 1 10 1 11 1 12 1 15 1 16 1 17 1 18 1 19 1 22 1 23 1 24 1 25 1 26 1 29 1 30 1 31 1 32 1 33 1 36 1 37 1 38 1 39 1 40 1 
25 44 1 45 1 46 1 47 1 50 1 51 1 52 1 53 1 54 1 57 1 58 1 59 1 60 1 61 1 64 1 65 1 66 1 67 1 68 1 71 1 72 1 73 1 74 1 75 1 78 1 
35 43 1 44 1 45 1 46 1 47 1 50 1 51 1 52 1 53 1 54 1 57 1 58 1 59 1 60 1 61 1 64 1 65 1 66 1 67 1 68 1 71 1 72 1 73 1 74 1 75 1 78 1 79 1 80 1 81 1 82 1 85 1 86 1 87 1 88 1 89 1 
35 38 1 39 1 40 1 43 1 44 1 45 1 46 1 47 1 50 1 51 1 52 1 53 1 54 1 57 1 58 1 59 1 60 1 61 1 64 1 65 1 66 1 67 1 68 1 71 1 72 1 73 1 74 1 75 1 78 1 79 1 80 1 81 1 82 1 85 1 86 1 
25 136 1 137 1 138 1 141 1 142 1 143 1 144 1 145 1 148 1 149 1 150 1 151 1 152 1 155 1 156 1 157 1 158 1 159 1 162 1 163 1 164 1 165 1 166 1 169 1 170 1 
25 64 1 65 1 66 1 67 1 68 1 71 1 72 1 73 1 74 1 75 1 78 1 79 1 80 1 81 1 82 1 85 1 86 1 87 1 88 1 89 1 92 1 93 1 94 1 95 1 96 1 
35 52 1 53 1 54 1 57 1 58 1 59 1 60 1 61 1 64 1 65 1 66 1 67 1 68 1 71 1 72 1 73 1 74 1 75 1 78 1 79 1 80 1 81 1 82 1 85 1 86 1 87 1 88 1 89 1 92 1 93 1 94 1 95 1 96 1 99 1 100 1 
35 150 1 151 1 152 1 155 1 156 1 157 1 158 1 159 1 162 1 163 1 164 1 165 1 166 1 169 1 170 1 171 1 172 1 173 1 176 1 177 1 178 1 179 1 180 1 183 1 184 1 185 1 186 1 187 1 190 1 191 1 192 1 193 1 194 1 197 1 198 1 
35 85 1 86 1 87 1 88 1 89 1 92 1 93 1 94 1 95 1 96 1 99 1 100 1 101 1 102 1 103 1 106 1 107 1 108 1 109 1 110 1 113 1 114 1 115 1 116 1 117 1 120 1 121 1 122 1 123 1 124 1 127 1 128 1 129 1 130 1 131 1 
25 211 1 212 1 213 1 214 1 215 1 218 1 219 1 220 1 221 1 222 1 225 1 226 1 227 1 228 1 229 1 232 1 233 1 234 1 235 1 236 1 239 1 240 1 241 1 242 1 243 1 
25 57 1 58 1 59 1 60 1 61 1 64 1 65 1 66 1 67 1 68 1 71 1 72 1 73 1 74 1 75 1 78 1 79 1 80 1 81 1 82 1 85 1 86 1 87 1 88 1 89 1 
25 101 1 102 1 103 1 106 1 107 1 108 1 109 1 110 1 113 1 114 1 115 1 116 1 117 1 120 1 121 1 122 1 123 1 124 1 127 1 128 1 129 1 130 1 131 1 134 1 135 1 
35 4 1 5 1 8 1 9 1 10 1 11 1 12 1 15 1 16 1 17 1 18 1 19 1 22 1 23 1 24 1 25 1 26 1 29 1 30 1 31 1 32 1 33 1 36 1 37 1 38 1 39 1 40 1 43 1 44 1 45 1 46 1 47 1 50 1 51 1 52 1 
25 88 1 89 1 92 1 93 1 94 1 95 1 96 1 99 1 100 1 101 1 102 1 103 1 106 1 107 1 108 1 109 1 110 1 113 1 114 1 115 1 116 1 117 1 120 1 121 1 122 1 
25 172 1 173 1 176 1 177 1 178 1 179 1 180 1 183 1 184 1 185 1 186 1 187 1 190 1 191 1 192 1 193 1 194 1 197 1 198 1 199 1 200 1 201 1 204 1 205 1 206 1 
25 136 1 137 1 138 1 141 1 142 1 143 1 144 1 145 1 148 1 149 1 150 1 151 1 152 1 155 1 156 1 157 1 158 1 159 1 162 1 163 1 164 1 165 1 166 1 169 1 170 1 
35 128 1 129 1 130 1 131 1 134 1 135 1 136 1 137 1 138 1 141 1 142 1 143 1 144 1 145 1 148 1 149 1 150 1 151 1 152 1 155 1 156 1 157 1 158 1 159 1 162 1 163 1 164 1 165 1 166 1 169 1 170 1 171 1 172 1 173 1 176 1 
25 38 1 39 1 40 1 43 1 44 1 45 1 46 1 47 1 50 1 51 1 52 1 53 1 54 1 57 1 58 1 59 1 60 1 61 1 64 1 65 1 66 1 67 1 68 1 71 1 72 1 
35 206 1 207 1 208 1 211 1 212 1 213 1 214 1 215 1 218 1 219 1 220 1 221 1 222 1 225 1 226 1 227 1 228 1 229 1 232 1 233 1 234 1 235 1 236 1 239 1 240 1 241 1 242 1 243 1 246 1 247 1 248 1 249 1 250 1 253 1 254 1 
35 158 1 159 1 162 1 163 1 164 1 165 1 166 1 169 1 170 1 171 1 172 1 173 1 176 1 177 1 178 1 179 1 180 1 183 1 184 1 185 1 186 1 187 1 190 1 191 1 192 1 193 1 194 1 197 1 198 1 199 1 200 1 201 1 204 1 205 1 206 1 
35 184 1 185 1 186 1 187 1 190 1 191 1 192 1 193 1 194 1 197 1 198 1 199 1 200 1 201 1 204 1 205 1 206 1 207 1 208 1 211 1 212 1 213 1 214 1 215 1 218 1 219 1 220 1 221 1 222 1 225 1 226 1 227 1 228 1 229 1 232 1 
35 15 1 16 1 17 1 18 1 19 1 22 1 23 1 24 1 25 1 26 1 29 1 30 1 31 1 32 1 33 1 36 1 37 1 38 1 39 1 40 1 43 1 44 1 45 1 46 1 47 1 50 1 51 1 52 1 53 1 54 1 57 1 58 1 59 1 60 1 61 1 
25 155 1 156 1 157 1 158 1 159 1 162 1 163 1 164 1 165 1 166 1 169 1 170 1 171 1 172 1 173 1 176 1 177 1 178 1 179 1 180 1 183 1 184 1 185 1 186 1 187 1 
25 9 1 10 1 11 1 12 1 15 1 16 1 17 1 18 1 19 1 22 1 23 1 24 1 25 1 26 1 29 1 30 1 31 1 32 1 33 1 36 1 37 1 38 1 39 1 40 1 43 1 
35 185 1 186 1 187 1 190 1 191 1 192 1 193 1 194 1 197 1 198 1 199 1 200 1 201 1 204 1 205 1 206 1 207 1 208 1 211 1 212 1 213 1 214 1 215 1 218 1 219 1 220 1 221 1 222 1 225 1 226 1 227 1 228 1 229 1 232 1 233 1 
25 192 1 193 1 194 1 197 1 198 1 199 1 200 1 201 1 204 1 205 1 206 1 207 1 208 1 211 1 212 1 213 1 214 1 215 1 218 1 219 1 220 1 221 1 222 1 225 1 226 1 
25 92 1 93 1 94 1 95 1 96 1 99 1 100 1 101 1 102 1 103 1 106 1 107 1 108 1 109 1 110 1 113 1 114 1 115 1 116 1 117 1 120 1 121 1 122 1 123 1 124 1 
35 50 1 51 1 52 1 53 1 54 1 57 1 58 1 59 1 60 1 61 1 64 1 65 1 66 1 67 1 68 1 71 1 72 1 73 1 74 1 75 1 78 1 79 1 80 1 81 1 82 1 85 1 86 1 87 1 88 1 89 1 92 1 93 1 94 1 95 1 96 1 
35 8 1 9 1 10 1 11 1 12 1 15 1 16 1 17 1 18 1 19 1 22 1 23 1 24 1 25 1 26 1 29 1 30 1 31 1 32 1 33 1 36 1 37 1 38 1 39 1 40 1 43 1 44 1 45 1 46 1 47 1 50 1 51 1 52 1 53 1 54 1 
25 134 1 135 1 136 1 137 1 138 1 141 1 142 1 143 1 144 1 145 1 148 1 149 1 150 1 151 1 152 1 155 1 156 1 157 1 158 1 159 1 162 1 163 1 164 1 165 1 166 1 
25 186 1 187 1 190 1 191 1 192 1 193 1 194 1 197 1 198 1 199 1 200 1 201 1 204 1 205 1 206 1 207 1 208 1 211 1 212 1 213 1 214 1 215 1 218 1 219 1 220 1 
35 64 1 65 1 66 1 67 1 68 1 71 1 72 1 73 1 74 1 75 1 78 1 79 1 80 1 81 1 82 1 85 1 86 1 87 1 88 1 89 1 92 1 93 1 94 1 95 1 96 1 99 1 100 1 101 1 102 1 103 1 106 1 107 1 108 1 109 1 110 1 
35 79 1 80 1 81 1 82 1 85 1 86 1 87 1 88 1 89 1 92 1 93 1 94 1 95 1 96 1 99 1 100 1 101 1 102 1 103 1 106 1 107 1 108 1 109 1 110 1 113 1 114 1 115 1 116 1 117 1 120 1 121 1 122 1 123 1 124 1 127 1 
25 87 1 88 1 89 1 92 1 93 1 94 1 95 1 96 1 99 1 100 1 101 1 102 1 103 1 106 1 107 1 108 1 109 1 110 1 113 1 114 1 115 1 116 1 117 1 120 1 121 1 
35 108 1 109 1 110 1 113 1 114 1 115 1 116 1 117 1 120 1 121 1 122 1 123 1 124 1 127 1 128 1 129 1 130 1 131 1 134 1 135 1 136 1 137 1 138 1 141 1 142 1 143 1 144 1 145 1 148 1 149 1 150 1 151 1 152 1 155 1 156 1 
25 107 1 108 1 109 1 110 1 113 1 114 1 115 1 116 1 117 1 120 1 121 1 122 1 123 1 124 1 127 1 128 1 129 1 130 1 131 1 134 1 135 1 136 1 137 1 138 1 141 1 
35 4 1 5 1 8 1 9 1 10 1 11 1 12 1 15 1 16 1 17 1 18 1 19 1 22 1 23 1 24 1 25 1 26 1 29 1 30 1 31 1 32 1 33 1 36 1 37 1 38 1 39 1 40 1 43 1 44 1 45 1 46 1 47 1 50 1 51 1 52 1 
35 85 1 86 1 87 1 88 1 89 1 92 1 93 1 94 1 95 1 96 1 99 1 100 1 101 1 102 1 103 1 106 1 107 1 108 1 109 1 110 1 113 1 114 1 115 1 116 1 117 1 120 1 121 1 122 1 123 1 124 1 127 1 128 1 129 1 130 1 131 1 
25 8 1 9 1 10 1 11 1 12 1 15 1 16 1 17 1 18 1 19 1 22 1 23 1 24 1 25 1 26 1 29 1 30 1 31 1 32 1 33 1 36 1 37 1 38 1 39 1 40 1 
35 162 1 163 1 164 1 165 1 166 1 169 1 170 1 171 1 172 1 173 1 176 1 177 1 178 1 179 1 180 1 183 1 184 1 185 1 186 1 187 1 190 1 191 1 192 1 193 1 194 1 197 1 198 1 199 1 200 1 201 1 204 1 205 1 206 1 207 1 208 1 
35 3 1 4 1 5 1 8 1 9 1 10 1 11 1 12 1 15 1 16 1 17 1 18 1 19 1 22 1 23 1 24 1 25 1 26 1 29 1 30 1 31 1 32 1 33 1 36 1 37 1 38 1 39 1 40 1 43 1 44 1 45 1 46 1 47 1 50 1 51 1 
25 50 1 51 1 52 1 53 1 54 1 57 1 58 1 59 1 60 1 61 1 64 1 65 1 66 1 67 1 68 1 71 1 72 1 73 1 74 1 75 1 78 1 79 1 80 1 81 1 82 1 
35 58 1 59 1 60 1 61 1 64 1 65 1 66 1 67 1 68 1 71 1 72 1 73 1 74 1 75 1 78 1 79 1 80 1 81 1 82 1 85 1 86 1 87 1 88 1 89 1 92 1 93 1 94 1 95 1 96 1 99 1 100 1 101 1 102 1 103 1 106 1 
25 57 1 58 1 59 1 60 1 61 1 64 1 65 1 66 1 67 1 68 1 71 1 72 1 73 1 74 1 75 1 78 1 79 1 80 1 81 1 82 1 85 1 86 1 87 1 88 1 89 1 
35 4 1 5 1 8 1 9 1 10 1 11 1 12 1 15 1 16 1 17 1 18 1 19 1 22 1 23 1 24 1 25 1 26 1 29 1 30 1 31 1 32 1 33 1 36 1 37 1 38 1 39 1 40 1 43 1 44 1 45 1 46 1 47 1 50 1 51 1 52 1 
25 50 1 51 1 52 1 53 1 54 1 57 1 58 1 59 1 60 1 61 1 64 1 65 1 66 1 67 1 68 1 71 1 72 1 73 1 74 1 75 1 78 1 79 1 80 1 81 1 82 1 
35 87 1 88 1 89 1 92 1 93 1 94 1 95 1 96 1 99 1 100 1 101 1 102 1 103 1 106 1 107 1 108 1 109 1 110 1 113 1 114 1 115 1 116 1 117 1 120 1 121 1 122 1 123 1 124 1 127 1 128 1 129 1 130 1 131 1 134 1 135 1 
25 101 1 102 1 103 1 106 1 107 1 108 1 109 1 110 1 113 1 114 1 115 1 116 1 117 1 120 1 121 1 122 1 123 1 124 1 127 1 128 1 129 1 130 1 131 1 134 1 135 1 
25 15 1 16 1 17 1 18 1 19 1 22 1 23 1 24 1 25 1 26 1 29 1 30 1 31 1 32 1 33 1 36 1 37 1 38 1 39 1 40 1 43 1 44 1 45 1 46 1 47 1 
35 128 1 129 1 130 1 131 1 134 1 135 1 136 1 137 1 138 1 141 1 142 1 143 1 144 1 145 1 148 1 149 1 150 1 151 1 152 1 155 1 156 1 157 1 158 1 159 1 162 1 163 1 164 1 165 1 166 1 169 1 170 1 171 1 172 1 173 1 176 1 
35 122 1 123 1 124 1 127 1 128 1 129 1 130 1 131 1 134 1 135 1 136 1 137 1 138 1 141 1 142 1 143 1 144 1 145 1 148 1 149 1 150 1 151 1 152 1 155 1 156 1 157 1 158 1 159 1 162 1 163 1 164 1 165 1 166 1 169 1 170 1 
25 79 1 80 1 81 1 82 1 85 1 86 1 87 1 88 1 89 1 92 1 93 1 94 1 95 1 96 1 99 1 100 1 101 1 102 1 103 1 106 1 107 1 108 1 109 1 110 1 113 1 
25 197 1 198 1 199 1 200 1 201 1 204 1 205 1 206 1 207 1 208 1 211 1 212 1 213 1 214 1 215 1 218 1 219 1 220 1 221 1 222 1 225 1 226 1 227 1 228 1 229 1 
25 169 1 170 1 171 1 172 1 173 1 176 1 177 1 178 1 179 1 180 1 183 1 184 1 185 1 186 1 187 1 190 1 191 1 192 1 193 1 194 1 197 1 198 1 199 1 200 1 201 1 
25 204 1 205 1 206 1 207 1 208 1 211 1 212 1 213 1 214 1 215 1 218 1 219 1 220 1 221 1 222 1 225 1 226 1 227 1 228 1 229 1 232 1 233 1 234 1 235 1 236 1 
25 17 1 18 1 19 1 22 1 23 1 24 1 25 1 26 1 29 1 30 1 31 1 32 1 33 1 36 1 37 1 38 1 39 1 40 1 43 1 44 1 45 1 46 1 47 1 50 1 51 1 
25 38 1 39 1 40 1 43 1 44 1 45 1 46 1 47 1 50 1 51 1 52 1 53 1 54 1 57 1 58 1 59 1 60 1 61 1 64 1 65 1 66 1 67 1 68 1 71 1 72 1 
35 64 1 65 1 66 1 67 1 68 1 71 1 72 1 73 1 74 1 75 1 78 1 79 1 80 1 81 1 82 1 85 1 86 1 87 1 88 1 89 1 92 1 93 1 94 1 95 1 96 1 99 1 100 1 101 1 102 1 103 1 106 1 107 1 108 1 109 1 110 1 
35 206 1 207 1 208 1 211 1 212 1 213 1 214 1 215 1 218 1 219 1 220 1 221 1 222 1 225 1 226 1 227 1 228 1 229 1 232 1 233 1 234 1 235 1 236 1 239 1 240 1 241 1 242 1 243 1 246 1 247 1 248 1 249 1 250 1 253 1 254 1 
25 171 1 172 1 173 1 176 1 177 1 178 1 179 1 180 1 183 1 184 1 185 1 186 1 187 1 190 1 191 1 192 1 193 1 194 1 197 1 198 1 199 1 200 1 201 1 204 1 205 1 
25 101 1 102 1 103 1 106 1 107 1 108 1 109 1 110 1 113 1 114 1 115 1 116 1 117 1 120 1 121 1 122 1 123 1 124 1 127 1 128 1 129 1 130 1 131 1 134 1 135 1 
25 3 1 4 1 5 1 8 1 9 1 10 1 11 1 12 1 15 1 16 1 17 1 18 1 19 1 22 1 23 1 24 1 25 1 26 1 29 1 30 1 31 1 32 1 33 1 36 1 37 1 
25 53 1 54 1 57 1 58 1 59 1 60 1 61 1 64 1 65 1 66 1 67 1 68 1 71 1 72 1 73 1 74 1 75 1 78 1 79 1 80 1 81 1 82 1 85 1 86 1 87 1 
35 136 1 137 1 138 1 141 1 142 1 143 1 144 1 145 1 148 1 149 1 150 1 151 1 152 1 155 1 156 1 157 1 158 1 159 1 162 1 163 1 164 1 165 1 166 1 169 1 170 1 171 1 172 1 173 1 176 1 177 1 178 1 179 1 180 1 183 1 184 1 
35 9 1 10 1 11 1 12 1 15 1 16 1 17 1 18 1 19 1 22 1 23 1 24 1 25 1 26 1 29 1 30 1 31 1 32 1 33 1 36 1 37 1 38 1 39 1 40 1 43 1 44 1 45 1 46 1 47 1 50 1 51 1 52 1 53 1 54 1 57 1 
25 8 1 9 1 10 1 11 1 12 1 15 1 16 1 17 1 18 1 19 1 22 1 23 1 24 1 25 1 26 1 29 1 30 1 31 1 32 1 33 1 36 1 37 1 38 1 39 1 40 1 
35 108 1 109 1 110 1 113 1 114 1 115 1 116 1 117 1 120 1 121 1 122 1 123 1 124 1 127 1 128 1 129 1 130 1 131 1 134 1 135 1 136 1 137 1 138 1 141 1 142 1 143 1 144 1 145 1 148 1 149 1 150 1 151 1 152 1 155 1 156 1 
25 17 1 18 1 19 1 22 1 23 1 24 1 25 1 26 1 29 1 30 1 31 1 32 1 33 1 36 1 37 1 38 1 39 1 40 1 43 1 44 1 45 1 46 1 47 1 50 1 51 1 
35 113 1 114 1 115 1 116 1 117 1 120 1 121 1 122 1 123 1 124 1 127 1 128 1 129 1 130 1 131 1 134 1 135 1 136 1 137 1 138 1 141 1 142 1 143 1 144 1 145 1 148 1 149 1 150 1 151 1 152 1 155 1 156 1 157 1 158 1 159 1 
25 157 1 158 1 159 1 162 1 163 1 164 1 165 1 166 1 169 1 170 1 171 1 172 1 173 1 176 1 177 1 178 1 179 1 180 1 183 1 184 1 185 1 186 1 187 1 190 1 191 1 
35 211 1 212 1 213 1 214 1 215 1 218 1 219 1 220 1 221 1 222 1 225 1 226 1 227 1 228 1 229 1 232 1 233 1 234 1 235 1 236 1 239 1 240 1 241 1 242 1 243 1 246 1 247 1 248 1 249 1 250 1 253 1 254 1 255 1 256 1 257 1 
25 183 1 184 1 185 1 186 1 187 1 190 1 191 1 192 1 193 1 194 1 197 1 198 1 199 1 200 1 201 1 204 1 205 1 206 1 207 1 208 1 211 1 212 1 213 1 214 1 215 1 
25 8 1 9 1 10 1 11 1 12 1 15 1 16 1 17 1 18 1 19 1 22 1 23 1 24 1 25 1 26 1 29 1 30 1 31 1 32 1 33 1 36 1 37 1 38 1 39 1 40 1 
35 169 1 170 1 171 1 172 1 173 1 176 1 177 1 178 1 179 1 180 1 183 1 184 1 185 1 186 1 187 1 190 1 191 1 192 1 193 1 194 1 197 1 198 1 199 1 200 1 201 1 204 1 205 1 206 1 207 1 208 1 211 1 212 1 213 1 214 1 215 1 
25 93 1 94 1 95 1 96 1 99 1 100 1 101 1 102 1 103 1 106 1 107 1 108 1 109 1 110 1 113 1 114 1 115 1 116 1 117 1 120 1 121 1 122 1 123 1 124 1 127 1 
35 92 1 93 1 94 1 95 1 96 1 99 1 100 1 101 1 102 1 103 1 106 1 107 1 108 1 109 1 110 1 113 1 114 1 115 1 116 1 117 1 120 1 121 1 122 1 123 1 124 1 127 1 128 1 129 1 130 1 131 1 134 1 135 1 136 1 137 1 138 1 
25 85 1 86 1 87 1 88 1 89 1 92 1 93 1 94 1 95 1 96 1 99 1 100 1 101 1 102 1 103 1 106 1 107 1 108 1 109 1 110 1 113 1 114 1 115 1 116 1 117 1 
35 39 1 40 1 43 1 44 1 45 1 46 1 47 1 50 1 51 1 52 1 53 1 54 1 57 1 58 1 59 1 60 1 61 1 64 1 65 1 66 1 67 1 68 1 71 1 72 1 73 1 74 1 75 1 78 1 79 1 80 1 81 1 82 1 85 1 86 1 87 1 
35 8 1 9 1 10 1 11 1 12 1 15 1 16 1 17 1 18 1 19 1 22 1 23 1 24 1 25 1 26 1 29 1 30 1 31 1 32 1 33 1 36 1 37 1 38 1 39 1 40 1 43 1 44 1 45 1 46 1 47 1 50 1 51 1 52 1 53 1 54 1 
35 197 1 198 1 199 1 200 1 201 1 204 1 205 1 206 1 207 1 208 1 211 1 212 1 213 1 214 1 215 1 218 1 219 1 220 1 221 1 222 1 225 1 226 1 227 1 228 1 229 1 232 1 233 1 234 1 235 1 236 1 239 1 240 1 241 1 242 1 243 1 
25 43 1 44 1 45 1 46 1 47 1 50 1 51 1 52 1 53 1 54 1 57 1 58 1 59 1 60 1 61 1 64 1 65 1 66 1 67 1 68 1 71 1 72 1 73 1 74 1 75 1 
35 87 1 88 1 89 1 92 1 93 1 94 1 95 1 96 1 99 1 100 1 101 1 102 1 103 1 106 1 107 1 108 1 109 1 110 1 113 1 114 1 115 1 116 1 117 1 120 1 121 1 122 1 123 1 124 1 127 1 128 1 129 1 130 1 131 1 134 1 135 1 
35 123 1 124 1 127 1 128 1 129 1 130 1 131 1 134 1 135 1 136 1 137 1 138 1 141 1 142 1 143 1 144 1 145 1 148 1 149 1 150 1 151 1 152 1 155 1 156 1 157 1 158 1 159 1 162 1 163 1 164 1 165 1 166 1 169 1 170 1 171 1 
35 211 1 212 1 213 1 214 1 215 1 218 1 219 1 220 1 221 1 222 1 225 1 226 1 227 1 228 1 229 1 232 1 233 1 234 1 235 1 236 1 239 1 240 1 241 1 242 1 243 1 246 1 247 1 248 1 249 1 250 1 253 1 254 1 255 1 256 1 257 1 
25 43 1 44 1 45 1 46 1 47 1 50 1 51 1 52 1 53 1 54 1 57 1 58 1 59 1 60 1 61 1 64 1 65 1 66 1 67 1 68 1 71 1 72 1 73 1 74 1 75 1 
25 176 1 177 1 178 1 179 1 180 1 183 1 184 1 185 1 186 1 187 1 190 1 191 1 192 1 193 1 194 1 197 1 198 1 199 1 200 1 201 1 204 1 205 1 206 1 207 1 208 1 
35 99 1 100 1 101 1 102 1 103 1 106 1 107 1 108 1 109 1 110 1 113 1 114 1 115 1 116 1 117 1 120 1 121 1 122 1 123 1 124 1 127 1 128 1 129 1 130 1 131 1 134 1 135 1 136 1 137 1 138 1 141 1 142 1 143 1 144 1 145 1 
35 127 1 128 1 129 1 130 1 131 1 134 1 135 1 136 1 137 1 138 1 141 1 142 1 143 1 144 1 145 1 148 1 149 1 150 1 151 1 152 1 155 1 156 1 157 1 158 1 159 1 162 1 163 1 164 1 165 1 166 1 169 1 170 1 171 1 172 1 173 1 
25 92 1 93 1 94 1 95 1 96 1 99 1 100 1 101 1 102 1 103 1 106 1 107 1 108 1 109 1 110 1 113 1 114 1 115 1 116 1 117 1 120 1 121 1 122 1 123 1 124 1 
35 171 1 172 1 173 1 176 1 177 1 178 1 179 1 180 1 183 1 184 1 185 1 186 1 187 1 190 1 191 1 192 1 193 1 194 1 197 1 198 1 199 1 200 1 201 1 204 1 205 1 206 1 207 1 208 1 211 1 212 1 213 1 214 1 215 1 218 1 219 1 
35 142 1 143 1 144 1 145 1 148 1 149 1 150 1 151 1 152 1 155 1 156 1 157 1 158 1 159 1 162 1 163 1 164 1 165 1 166 1 169 1 170 1 171 1 172 1 173 1 176 1 177 1 178 1 179 1 180 1 183 1 184 1 185 1 186 1 187 1 190 1 
25 58 1 59 1 60 1 61 1 64 1 65 1 66 1 67 1 68 1 71 1 72 1 73 1 74 1 75 1 78 1 79 1 80 1 81 1 82 1 85 1 86 1 87 1 88 1 89 1 92 1 
35 3 1 4 1 5 1 8 1 9 1 10 1 11 1 12 1 15 1 16 1 17 1 18 1 19 1 22 1 23 1 24 1 25 1 26 1 29 1 30 1 31 1 32 1 33 1 36 1 37 1 38 1 39 1 40 1 43 1 44 1 45 1 46 1 47 1 50 1 51 1 
35 169 1 170 1 171 1 172 1 173 1 176 1 177 1 178 1 179 1 180 1 183 1 184 1 185 1 186 1 187 1 190 1 191 1 192 1 193 1 194 1 197 1 198 1 199 1 200 1 201 1 204 1 205 1 206 1 207 1 208 1 211 1 212 1 213 1 214 1 215 1 
35 8 1 9 1 10 1 11 1 12 1 15 1 16 1 17 1 18 1 19 1 22 1 23 1 24 1 25 1 26 1 29 1 30 1 31 1 32 1 33 1 36 1 37 1 38 1 39 1 40 1 43 1 44 1 45 1 46 1 47 1 50 1 51 1 52 1 53 1 54 1 
35 53 1 54 1 57 1 58 1 59 1 60 1 61 1 64 1 65 1 66 1 67 1 68 1 71 1 72 1 73 1 74 1 75 1 78 1 79 1 80 1 81 1 82 1 85 1 86 1 87 1 88 1 89 1 92 1 93 1 94 1 95 1 96 1 99 1 100 1 101 1 
35 43 1 44 1 45 1 46 1 47 1 50 1 51 1 52 1 53 1 54 1 57 1 58 1 59 1 60 1 61 1 64 1 65 1 66 1 67 1 68 1 71 1 72 1 73 1 74 1 75 1 78 1 79 1 80 1 81 1 82 1 85 1 86 1 87 1 88 1 89 1 
35 78 1 79 1 80 1 81 1 82 1 85 1 86 1 87 1 88 1 89 1 92 1 93 1 94 1 95 1 96 1 99 1 100 1 101 1 102 1 103 1 106 1 107 1 108 1 109 1 110 1 113 1 114 1 115 1 116 1 117 1 120 1 121 1 122 1 123 1 124 1 
25 186 1 187 1 190 1 191 1 192 1 193 1 194 1 197 1 198 1 199 1 200 1 201 1 204 1 205 1 206 1 207 1 208 1 211 1 212 1 213 1 214 1 215 1 218 1 219 1 220 1 
25 211 1 212 1 213 1 214 1 215 1 218 1 219 1 220 1 221 1 222 1 225 1 226 1 227 1 228 1 229 1 232 1 233 1 234 1 235 1 236 1 239 1 240 1 241 1 242 1 243 1 
35 171 1 172 1 173 1 176 1 177 1 178 1 179 1 180 1 183 1 184 1 185 1 186 1 187 1 190 1 191 1 192 1 193 1 194 1 197 1 198 1 199 1 200 1 201 1 204 1 205 1 206 1 207 1 208 1 211 1 212 1 213 1 214 1 215 1 218 1 219 1 
25 78 1 79 1 80 1 81 1 82 1 85 1 86 1 87 1 88 1 89 1 92 1 93 1 94 1 95 1 96 1 99 1 100 1 101 1 102 1 103 1 106 1 107 1 108 1 109 1 110 1 
25 176 1 177 1 178 1 179 1 180 1 183 1 184 1 185 1 186 1 187 1 190 1 191 1 192 1 193 1 194 1 197 1 198 1 199 1 200 1 201 1 204 1 205 1 206 1 207 1 208 1 
25 52 1 53 1 54 1 57 1 58 1 59 1 60 1 61 1 64 1 65 1 66 1 67 1 68 1 71 1 72 1 73 1 74 1 75 1 78 1 79 1 80 1 81 1 82 1 85 1 86 1 
25 8 1 9 1 10 1 11 1 12 1 15 1 16 1 17 1 18 1 19 1 22 1 23 1 24 1 25 1 26 1 29 1 30 1 31 1 32 1 33 1 36 1 37 1 38 1 39 1 40 1 
35 44 1 45 1 46 1 47 1 50 1 51 1 52 1 53 1 54 1 57 1 58 1 59 1 60 1 61 1 64 1 65 1 66 1 67 1 68 1 71 1 72 1 73 1 74 1 75 1 78 1 79 1 80 1 81 1 82 1 85 1 86 1 87 1 88 1 89 1 92 1 
25 15 1 16 1 17 1 18 1 19 1 22 1 23 1 24 1 25 1 26 1 29 1 30 1 31 1 32 1 33 1 36 1 37 1 38 1 39 1 40 1 43 1 44 1 45 1 46 1 47 1 
35 57 1 58 1 59 1 60 1 61 1 64 1 65 1 66 1 67 1 68 1 71 1 72 1 73 1 74 1 75 1 78 1 79 1 80 1 81 1 82 1 85 1 86 1 87 1 88 1 89 1 92 1 93 1 94 1 95 1 96 1 99 1 100 1 101 1 102 1 103 1 
35 52 1 53 1 54 1 57 1 58 1 59 1 60 1 61 1 64 1 65 1 66 1 67 1 68 1 71 1 72 1 73 1 74 1 75 1 78 1 79 1 80 1 81 1 82 1 85 1 86 1 87 1 88 1 89 1 92 1 93 1 94 1 95 1 96 1 99 1 100 1 
25 123 1 124 1 127 1 128 1 129 1 130 1 131 1 134 1 135 1 136 1 137 1 138 1 141 1 142 1 143 1 144 1 145 1 148 1 149 1 150 1 151 1 152 1 155 1 156 1 157 1 
25 52 1 53 1 54 1 57 1 58 1 59 1 60 1 61 1 64 1 65 1 66 1 67 1 68 1 71 1 72 1 73 1 74 1 75 1 78 1 79 1 80 1 81 1 82 1 85 1 86 1 
25 8 1 9 1 10 1 11 1 12 1 15 1 16 1 17 1 18 1 19 1 22 1 23 1 24 1 25 1 26 1 29 1 30 1 31 1 32 1 33 1 36 1 37 1 38 1 39 1 40 1 
25 114 1 115 1 116 1 117 1 120 1 121 1 122 1 123 1 124 1 127 1 128 1 129 1 130 1 131 1 134 1 135 1 136 1 137 1 138 1 141 1 142 1 143 1 144 1 145 1 148 1 
35 162 1 163 1 164 1 165 1 166 1 169 1 170 1 171 1 172 1 173 1 176 1 177 1 178 1 179 1 180 1 183 1 184 1 185 1 186 1 187 1 190 1 191 1 192 1 193 1 194 1 197 1 198 1 199 1 200 1 201 1 204 1 205 1 206 1 207 1 208 1 
25 127 1 128 1 129 1 130 1 131 1 134 1 135 1 136 1 137 1 138 1 141 1 142 1 143 1 144 1 145 1 148 1 149 1 150 1 151 1 152 1 155 1 156 1 157 1 158 1 159 1 
35 177 1 178 1 179 1 180 1 183 1 184 1 185 1 186 1 187 1 190 1 191 1 192 1 193 1 194 1 197 1 198 1 199 1 200 1 201 1 204 1 205 1 206 1 207 1 208 1 211 1 212 1 213 1 214 1 215 1 218 1 219 1 220 1 221 1 222 1 225 1 
25 15 1 16 1 17 1 18 1 19 1 22 1 23 1 24 1 25 1 26 1 29 1 30 1 31 1 32 1 33 1 36 1 37 1 38 1 39 1 40 1 43 1 44 1 45 1 46 1 47 1 
35 102 1 103 1 106 1 107 1 108 1 109 1 110 1 113 1 114 1 115 1 116 1 117 1 120 1 121 1 122 1 123 1 124 1 127 1 128 1 129 1 130 1 131 1 134 1 135 1 136 1 137 1 138 1 141 1 142 1 143 1 144 1 145 1 148 1 149 1 150 1 
35 85 1 86 1 87 1 88 1 89 1 92 1 93 1 94 1 95 1 96 1 99 1 100 1 101 1 102 1 103 1 106 1 107 1 108 1 109 1 110 1 113 1 114 1 115 1 116 1 117 1 120 1 121 1 122 1 123 1 124 1 127 1 128 1 129 1 130 1 131 1 
25 15 1 16 1 17 1 18 1 19 1 22 1 23 1 24 1 25 1 26 1 29 1 30 1 31 1 32 1 33 1 36 1 37 1 38 1 39 1 40 1 43 1 44 1 45 1 46 1 47 1 
25 171 1 172 1 173 1 176 1 177 1 178 1 179 1 180 1 183 1 184 1 185 1 186 1 187 1 190 1 191 1 192 1 193 1 194 1 197 1 198 1 199 1 200 1 201 1 204 1 205 1 
25 158 1 159 1 162 1 163 1 164 1 165 1 166 1 169 1 170 1 171 1 172 1 173 1 176 1 177 1 178 1 179 1 180 1 183 1 184 1 185 1 186 1 187 1 190 1 191 1 192 1 
25 85 1 86 1 87 1 88 1 89 1 92 1 93 1 94 1 95 1 96 1 99 1 100 1 101 1 102 1 103 1 106 1 107 1 108 1 109 1 110 1 113 1 114 1 115 1 116 1 117 1 
35 87 1 88 1 89 1 92 1 93 1 94 1 95 1 96 1 99 1 100 1 101 1 102 1 103 1 106 1 107 1 108 1 109 1 110 1 113 1 114 1 115 1 116 1 117 1 120 1 121 1 122 1 123 1 124 1 127 1 128 1 129 1 130 1 131 1 134 1 135 1 
25 64 1 65 1 66 1 67 1 68 1 71 1 72 1 73 1 74 1 75 1 78 1 79 1 80 1 81 1 82 1 85 1 86 1 87 1 88 1 89 1 92 1 93 1 94 1 95 1 96 1 
25 171 1 172 1 173 1 176 1 177 1 178 1 179 1 180 1 183 1 184 1 185 1 186 1 187 1 190 1 191 1 192 1 193 1 194 1 197 1 198 1 199 1 200 1 201 1 204 1 205 1 
25 127 1 128 1 129 1 130 1 131 1 134 1 135 1 136 1 137 1 138 1 141 1 142 1 143 1 144 1 145 1 148 1 149 1 150 1 151 1 152 1 155 1 156 1 157 1 158 1 159 1 
35 192 1 193 1 194 1 197 1 198 1 199 1 200 1 201 1 204 1 205 1 206 1 207 1 208 1 211 1 212 1 213 1 214 1 215 1 218 1 219 1 220 1 221 1 222 1 225 1 226 1 227 1 228 1 229 1 232 1 233 1 234 1 235 1 236 1 239 1 240 1 
35 183 1 184 1 185 1 186 1 187 1 190 1 191 1 192 1 193 1 194 1 197 1 198 1 199 1 200 1 201 1 204 1 205 1 206 1 207 1 208 1 211 1 212 1 213 1 214 1 215 1 218 1 219 1 220 1 221 1 222 1 225 1 226 1 227 1 228 1 229 1 
25 157 1 158 1 159 1 162 1 163 1 164 1 165 1 166 1 169 1 170 1 171 1 172 1 173 1 176 1 177 1 178 1 179 1 180 1 183 1 184 1 185 1 186 1 187 1 190 1 191 1 
35 8 1 9 1 10 1 11 1 12 1 15 1 16 1 17 1 18 1 19 1 22 1 23 1 24 1 25 1 26 1 29 1 30 1 31 1 32 1 33 1 36 1 37 1 38 1 39 1 40 1 43 1 44 1 45 1 46 1 47 1 50 1 51 1 52 1 53 1 54 1 
25 211 1 212 1 213 1 214 1 215 1 218 1 219 1 220 1 221 1 222 1 225 1 226 1 227 1 228 1 229 1 232 1 233 1 234 1 235 1 236 1 239 1 240 1 241 1 242 1 243 1 
25 3 1 4 1 5 1 8 1 9 1 10 1 11 1 12 1 15 1 16 1 17 1 18 1 19 1 22 1 23 1 24 1 25 1 26 1 29 1 30 1 31 1 32 1 33 1 36 1 37 1 
35 92 1 93 1 94 1 95 1 96 1 99 1 100 1 101 1 102 1 103 1 106 1 107 1 108 1 109 1 110 1 113 1 114 1 115 1 116 1 117 1 120 1 121 1 122 1 123 1 124 1 127 1 128 1 129 1 130 1 131 1 134 1 135 1 136 1 137 1 138 1 
35 134 1 135 1 136 1 137 1 138 1 141 1 142 1 143 1 144 1 145 1 148 1 149 1 150 1 151 1 152 1 155 1 156 1 157 1 158 1 159 1 162 1 163 1 164 1 165 1 166 1 169 1 170 1 171 1 172 1 173 1 176 1 177 1 178 1 179 1 180 1 
35 148 1 149 1 150 1 151 1 152 1 155 1 156 1 157 1 158 1 159 1 162 1 163 1 164 1 165 1 166 1 169 1 170 1 171 1 172 1 173 1 176 1 177 1 178 1 179 1 180 1 183 1 184 1 185 1 186 1 187 1 190 1 191 1 192 1 193 1 194 1 
25 183 1 184 1 185 1 186 1 187 1 190 1 191 1 192 1 193 1 194 1 197 1 198 1 199 1 200 1 201 1 204 1 205 1 206 1 207 1 208 1 211 1 212 1 213 1 214 1 215 1 
35 3 1 4 1 5 1 8 1 9 1 10 1 11 1 12 1 15 1 16 1 17 1 18 1 19 1 22 1 23 1 24 1 25 1 26 1 29 1 30 1 31 1 32 1 33 1 36 1 37 1 38 1 39 1 40 1 43 1 44 1 45 1 46 1 47 1 50 1 51 1 
25 50 1 51 1 52 1 53 1 54 1 57 1 58 1 59 1 60 1 61 1 64 1 65 1 66 1 67 1 68 1 71 1 72 1 73 1 74 1 75 1 78 1 79 1 80 1 81 1 82 1 
35 64 1 65 1 66 1 67 1 68 1 71 1 72 1 73 1 74 1 75 1 78 1 79 1 80 1 81 1 82 1 85 1 86 1 87 1 88 1 89 1 92 1 93 1 94 1 95 1 96 1 99 1 100 1 101 1 102 1 103 1 106 1 107 1 108 1 109 1 110 1 
35 99 1 100 1 101 1 102 1 103 1 106 1 107 1 108 1 109 1 110 1 113 1 114 1 115 1 116 1 117 1 120 1 121 1 122 1 123 1 124 1 127 1 128 1 129 1 130 1 131 1 134 1 135 1 136 1 137 1 138 1 141 1 142 1 143 1 144 1 145 1 
25 211 1 212 1 213 1 214 1 215 1 218 1 219 1 220 1 221 1 222 1 225 1 226 1 227 1 228 1 229 1 232 1 233 1 234 1 235 1 236 1 239 1 240 1 241 1 242 1 243 1 
25 50 1 51 1 52 1 53 1 54 1 57 1 58 1 59 1 60 1 61 1 64 1 65 1 66 1 67 1 68 1 71 1 72 1 73 1 74 1 75 1 78 1 79 1 80 1 81 1 82 1 
25 120 1 121 1 122 1 123 1 124 1 127 1 128 1 129 1 130 1 131 1 134 1 135 1 136 1 137 1 138 1 141 1 142 1 143 1 144 1 145 1 148 1 149 1 150 1 151 1 152 1 
25 127 1 128 1 129 1 130 1 131 1 134 1 135 1 136 1 137 1 138 1 141 1 142 1 143 1 144 1 145 1 148 1 149 1 150 1 151 1 152 1 155 1 156 1 157 1 158 1 159 1 
25 50 1 51 1 52 1 53 1 54 1 57 1 58 1 59 1 60 1 61 1 64 1 65 1 66 1 67 1 68 1 71 1 72 1 73 1 74 1 75 1 78 1 79 1 80 1 81 1 82 1 
25 92 1 93 1 94 1 95 1 96 1 99 1 100 1 101 1 102 1 103 1 106 1 107 1 108 1 109 1 110 1 113 1 114 1 115 1 116 1 117 1 120 1 121 1 122 1 123 1 124 1 
25 199 1 200 1 201 1 204 1 205 1 206 1 207 1 208 1 211 1 212 1 213 1 214 1 215 1 218 1 219 1 220 1 221 1 222 1 225 1 226 1 227 1 228 1 229 1 232 1 233 1 
35 4 1 5 1 8 1 9 1 10 1 11 1 12 1 15 1 16 1 17 1 18 1 19 1 22 1 23 1 24 1 25 1 26 1 29 1 30 1 31 1 32 1 33 1 36 1 37 1 38 1 39 1 40 1 43 1 44 1 45 1 46 1 47 1 50 1 51 1 52 1 
35 204 1 205 1 206 1 207 1 208 1 211 1 212 1 213 1 214 1 215 1 218 1 219 1 220 1 221 1 222 1 225 1 226 1 227 1 228 1 229 1 232 1 233 1 234 1 235 1 236 1 239 1 240 1 241 1 242 1 243 1 246 1 247 1 248 1 249 1 250 1 
35 108 1 109 1 110 1 113 1 114 1 115 1 116 1 117 1 120 1 121 1 122 1 123 1 124 1 127 1 128 1 129 1 130 1 131 1 134 1 135 1 136 1 137 1 138 1 141 1 142 1 143 1 144 1 145 1 148 1 149 1 150 1 151 1 152 1 155 1 156 1 
25 211 1 212 1 213 1 214 1 215 1 218 1 219 1 220 1 221 1 222 1 225 1 226 1 227 1 228 1 229 1 232 1 233 1 234 1 235 1 236 1 239 1 240 1 241 1 242 1 243 1 
35 9 1 10 1 11 1 12 1 15 1 16 1 17 1 18 1 19 1 22 1 23 1 24 1 25 1 26 1 29 1 30 1 31 1 32 1 33 1 36 1 37 1 38 1 39 1 40 1 43 1 44 1 45 1 46 1 47 1 50 1 51 1 52 1 53 1 54 1 57 1 
25 122 1 123 1 124 1 127 1 128 1 129 1 130 1 131 1 134 1 135 1 136 1 137 1 138 1 141 1 142 1 143 1 144 1 145 1 148 1 149 1 150 1 151 1 152 1 155 1 156 1 
35 134 1 135 1 136 1 137 1 138 1 141 1 142 1 143 1 144 1 145 1 148 1 149 1 150 1 151 1 152 1 155 1 156 1 157 1 158 1 159 1 162 1 163 1 164 1 165 1 166 1 169 1 170 1 171 1 172 1 173 1 176 1 177 1 178 1 179 1 180 1 
35 15 1 16 1 17 1 18 1 19 1 22 1 23 1 24 1 25 1 26 1 29 1 30 1 31 1 32 1 33 1 36 1 37 1 38 1 39 1 40 1 43 1 44 1 45 1 46 1 47 1 50 1 51 1 52 1 53 1 54 1 57 1 58 1 59 1 60 1 61 1 
25 171 1 172 1 173 1 176 1 177 1 178 1 179 1 180 1 183 1 184 1 185 1 186 1 187 1 190 1 191 1 192 1 193 1 194 1 197 1 198 1 199 1 200 1 201 1 204 1 205 1 
25 113 1 114 1 115 1 116 1 117 1 120 1 121 1 122 1 123 1 124 1 127 1 128 1 129 1 130 1 131 1 134 1 135 1 136 1 137 1 138 1 141 1 142 1 143 1 144 1 145 1 

25 150 325 
600 
1 1 1

1 1 2 4 0 1 10.0
1 1 1 2 0 1 10.0
1 2 0 1 0 1 10.0
1 1 1 2 0 1 10.0
1 2 0 1 0 1 10.0
1 1 2 4 0 1 10.0
1 1 1 4 0 1 10.0
1 2 0 1 0 1 10.0
1 1 1 2 0 1 10.0
1 2 0 1 0 1 10.0
1 1 1 2 0 1 10.0
1 1 1 2 0 1 10.0
1 1 1 2 0 1 10.0
1 2 0 1 0 1 10.0
1 1 1 2 0 1 10.0
1 2 0 1 0 1 10.0
1 2 0 1 0 1 10.0
1 1 1 2 0 1 10.0
1 2 0 1 0 1 10.0
1 2 0 1 0 1 10.0
1 1 1 4 0 1 10.0
1 1 1 2 0 1 10.0
1 1 1 2 0 1 10.0
1 1 1 2 0 1 10.0
1 1 1 2 0 1 10.0
1 13 1 4 0 1 10.0
1 13 1 4 0 2 10.0
1 7 7 10 0 2 10.0
1 14 0 1 0 2 10.0
1 14 0 1 0 2 10.0
1 13 1 4 0 1 10.0
1 14 0 1 0 2 10.0
1 14 0 1 0 1 10.0
1 12 2 4 0 1 10.0
1 14 0 1 0 2 10.0
1 6 8 10 0 1 10.0
1 13 1 4 0 2 10.0
1 14 0 1 0 1 10.0
1 14 0 1 0 1 10.0
1 8 6 10 0 1 10.0
1 12 2 4 0 1 10.0
1 13 1 4 0 1 10.0
1 14 0 1 0 1 10.0
1 14 0 1 0 1 10.0
1 8 6 10 0 2 10.0
1 8 6 10 0 1 10.0
1 6 8 10 0 1 10.0
1 14 0 1 0 1 10.0
1 14 0 1 0 1 10.0
1 6 8 10 0 2 10.0
1 6 8 10 0 2 10.0
1 13 1 4 0 1 10.0
1 12 2 4 0 2 10.0
1 13 1 4 0 1 10.0
1 14 0 1 0 2 10.0
1 14 0 1 0 2 10.0
1 12 2 4 0 2 10.0
1 12 2 4 0 2 10.0
1 13 1 4 0 1 10.0
1 11 3 10 0 1 10.0
1 12 2 4 0 2 10.0
1 12 2 4 0 1 10.0
1 14 0 1 0 1 10.0
1 12 2 4 0 1 10.0
1 6 8 10 0 1 10.0
1 14 0 1 0 2 10.0
1 14 0 1 0 1 10.0
1 13 1 4 0 2 10.0
1 12 2 10 0 2 10.0
1 14 0 1 0 2 10.0
1 14 0 1 0 1 10.0
1 13 1 10 0 1 10.0
1 10 4 10 0 2 10.0
1 13 1 4 0 2 10.0
1 9 5 10 0 2 10.0
1 13 1 4 0 2 10.0
1 13 1 4 0 2 10.0
1 14 0 1 0 1 10.0
1 9 5 10 0 1 10.0
1 14 0 1 0 1 10.0
1 14 0 1 0 2 10.0
1 12 2 10 0 1 10.0
1 14 0 1 0 2 10.0
1 14 0 1 0 2 10.0
1 14 0 1 0 1 10.0
1 10 4 10 0 2 10.0
1 13 1 4 0 2 10.0
1 13 1 4 0 1 10.0
1 14 0 1 0 1 10.0
1 13 1 4 0 1 10.0
1 14 0 1 0 2 10.0
1 13 1 4 0 1 10.0
1 12 2 10 0 1 10.0
1 14 0 1 0 1 10.0
1 14 0 1 0 2 10.0
1 14 0 1 0 2 10.0
1 14 0 1 0 2 10.0
1 7 7 10 0 2 10.0
1 14 0 1 0 1 10.0
1 12 2 4 0 2 10.0
1 14 0 1 0 2 10.0
1 14 0 1 0 1 10.0
1 13 1 10 0 2 10.0
1 14 0 1 0 2 10.0
1 12 2 4 0 2 10.0
1 14 0 1 0 1 10.0
1 12 2 4 0 1 10.0
1 14 0 1 0 1 10.0
1 14 0 1 0 1 10.0
1 14 0 1 0 1 10.0
1 10 4 10 0 1 10.0
1 10 4 10 0 2 10.0
1 6 8 10 0 1 10.0
1 13 1 10 0 1 10.0
1 14 0 1 0 2 10.0
1 11 3 10 0 2 10.0
1 12 2 4 0 2 10.0
1 14 0 1 0 1 10.0
1 8 6 10 0 1 10.0
1 7 7 10 0 2 10.0
1 14 0 1 0 1 10.0
1 14 0 1 0 1 10.0
1 14 0 1 0 1 10.0
1 12 2 10 0 2 10.0
1 14 0 1 0 2 10.0
1 8 6 10 0 2 10.0
1 12 2 4 0 2 10.0
1 14 0 1 0 1 10.0
1 10 4 10 0 2 10.0
1 12 2 4 0 1 10.0
1 13 1 4 0 1 10.0
1 14 0 1 0 2 10.0
1 13 1 4 0 2 10.0
1 14 0 1 0 1 10.0
1 14 0 1 0 2 10.0
1 13 1 10 0 2 10.0
1 14 0 1 0 2 10.0
1 14 0 1 0 1 10.0
1 14 0 1 0 1 10.0
1 14 0 1 0 2 10.0
1 14 0 1 0 2 10.0
1 14 0 1 0 2 10.0
1 13 1 4 0 2 10.0
1 8 6 10 0 1 10.0
1 14 0 1 0 1 10.0
1 14 0 1 0 1 10.0
1 14 0 1 0 1 10.0
1 14 0 1 0 1 10.0
1 13 1 10 0 2 10.0
1 13 1 4 0 1 10.0
1 13 1 10 0 1 10.0
1 14 0 1 0 2 10.0
1 14 0 1 0 1 10.0
1 11 3 10 0 2 10.0
1 12 2 4 0 2 10.0
1 12 2 4 0 2 10.0
1 14 0 1 0 2 10.0
1 14 0 1 0 2 10.0
1 13 1 4 0 2 10.0
1 14 0 1 0 2 10.0
1 14 0 1 0 1 10.0
1 14 0 1 0 2 10.0
1 12 2 4 0 1 10.0
1 14 0 1 0 2 10.0
1 14 0 1 0 1 10.0
1 12 2 4 0 2 10.0
1 13 1 4 0 2 10.0
1 14 0 1 0 2 10.0
1 14 0 1 0 2 10.0
1 14 0 1 0 1 10.0
1 14 0 1 0 1 10.0
1 13 1 4 0 1 10.0
1 14 0 1 0 1 10.0
1 14 0 1 0 1 10.0
1 14 0 1 0 1 10.0
1 19 9 35 0 2 10.0
1 26 2 35 0 2 10.0
1 14 14 25 0 2 10.0
1 1 29 35 0 2 10.0
1 23 5 25 0 2 10.0
1 1 32 35 0 2 10.0
1 19 9 25 0 2 10.0
1 1 27 35 0 2 10.0
1 3 25 35 0 2 10.0
1 14 14 25 0 2 10.0
1 20 8 35 0 2 10.0
1 13 15 35 0 2 10.0
1 13 15 25 0 2 10.0
1 25 3 35 0 2 10.0
1 12 16 25 0 2 10.0
1 22 6 25 0 2 10.0
1 16 12 25 0 2 10.0
1 10 18 25 0 2 10.0
1 1 28 35 0 2 10.0
1 20 8 35 0 2 10.0
1 8 20 35 0 2 10.0
1 1 29 35 0 2 10.0
1 11 17 25 0 2 10.0
1 22 6 35 0 2 10.0
1 12 16 25 0 2 10.0
1 18 10 25 0 2 10.0
1 1 31 35 0 2 10.0
1 13 15 35 0 2 10.0
1 25 3 25 0 2 10.0
1 25 3 25 0 2 10.0
1 7 21 35 0 2 10.0
1 22 6 25 0 2 10.0
1 13 15 25 0 2 10.0
1 23 5 25 0 2 10.0
1 25 3 35 0 2 10.0
1 10 18 25 0 2 10.0
1 14 14 25 0 2 10.0
1 15 13 35 0 2 10.0
1 4 24 35 0 2 10.0
1 21 7 25 0 2 10.0
1 13 15 35 0 2 10.0
1 15 13 25 0 2 10.0
1 9 19 35 0 2 10.0
1 26 2 25 0 2 10.0
1 8 20 25 0 2 10.0
1 21 7 25 0 2 10.0
1 1 29 35 0 2 10.0
1 25 3 25 0 2 10.0
1 24 4 35 0 2 10.0
1 19 9 25 0 2 10.0
1 27 1 35 0 2 10.0
1 6 22 35 0 2 10.0
1 1 32 35 0 2 10.0
1 17 11 25 0 2 10.0
1 7 21 25 0 2 10.0
1 1 33 35 0 2 10.0
1 1 28 35 0 2 10.0
1 27 1 35 0 2 10.0
1 24 4 35 0 2 10.0
1 9 19 35 0 2 10.0
1 16 12 35 0 2 10.0
1 15 13 25 0 2 10.0
1 21 7 35 0 2 10.0
1 26 2 25 0 2 10.0
1 21 7 25 0 2 10.0
1 24 4 35 0 2 10.0
1 8 20 35 0 2 10.0
1 22 6 35 0 2 10.0
1 24 4 25 0 2 10.0
1 20 8 35 0 2 10.0
1 10 18 35 0 2 10.0
1 17 11 25 0 2 10.0
1 27 1 25 0 2 10.0
1 16 12 35 0 2 10.0
1 24 4 35 0 2 10.0
1 13 15 25 0 2 10.0
1 12 16 25 0 2 10.0
1 12 16 35 0 2 10.0
1 1 31 35 0 2 10.0
1 7 21 25 0 2 10.0
1 10 18 25 0 2 10.0
1 14 14 35 0 2 10.0
1 19 9 35 0 2 10.0
1 8 20 35 0 2 10.0
1 11 17 35 0 2 10.0
1 8 20 35 0 2 10.0
1 1 33 35 0 2 10.0
1 15 13 35 0 2 10.0
1 14 14 25 0 2 10.0
1 13 15 25 0 2 10.0
1 11 17 35 0 2 10.0
1 12 16 35 0 2 10.0
1 26 2 25 0 2 10.0
1 12 16 35 0 2 10.0
1 14 14 25 0 2 10.0
1 17 11 25 0 2 10.0
1 17 11 25 0 2 10.0
1 10 18 25 0 2 10.0
1 23 5 35 0 2 10.0
1 6 22 25 0 2 10.0
1 23 5 25 0 2 10.0
1 5 23 25 0 2 10.0
1 11 17 35 0 2 10.0
1 26 2 25 0 2 10.0
1 27 1 25 0 2 10.0
1 2 26 35 0 2 10.0
1 11 17 25 0 2 10.0
1 17 11 35 0 2 10.0
1 16 12 25 0 2 10.0
1 8 20 25 0 2 10.0
1 10 18 35 0 2 10.0
1 19 9 35 0 2 10.0
1 1 33 35 0 2 10.0
1 15 13 25 0 2 10.0
1 19 9 25 0 2 10.0
1 15 13 25 0 2 10.0
1 26 2 35 0 2 10.0
1 2 26 35 0 2 10.0
1 14 14 35 0 2 10.0
1 15 13 25 0 2 10.0
1 6 22 25 0 2 10.0
1 20 8 25 0 2 10.0
1 21 7 25 0 2 10.0
1 13 15 35 0 2 10.0
1 15 13 35 0 2 10.0
1 5 23 35 0 2 10.0
1 1 27 35 0 2 10.0
1 16 12 25 0 2 10.0
1 1 31 35 0 2 10.0
1 2 26 35 0 2 10.0
1 12 16 25 0 2 10.0
1 12 16 35 0 2 10.0
1 17 11 25 0 2 10.0
1 19 9 35 0 2 10.0
1 24 4 35 0 2 10.0
1 18 10 25 0 2 10.0
1 1 31 35 0 2 10.0
1 14 14 25 0 2 10.0
1 17 11 25 0 2 10.0
1 10 18 25 0 2 10.0
1 22 6 25 0 2 10.0
1 27 1 35 0 2 10.0
1 18 10 25 0 2 10.0
1 4 24 35 0 2 10.0
1 16 12 25 0 2 10.0
1 25 3 35 0 2 10.0
1 5 23 25 0 2 10.0
1 1 32 35 0 2 10.0
1 25 3 25 0 2 10.0
1 23 5 35 0 2 10.0
1 5 23 35 0 2 10.0
1 26 2 25 0 2 10.0
1 1 28 35 0 2 10.0
1 17 11 25 0 2 10.0
1 10 18 35 0 2 10.0
1 24 4 35 0 2 10.0
1 19 9 25 0 2 10.0
1 15 13 25 0 2 10.0
1 18 10 35 0 2 10.0
1 11 17 35 0 2 10.0
1 23 5 25 0 2 10.0
1 6 22 25 0 2 10.0
1 18 10 35 0 2 10.0
1 13 15 35 0 2 10.0
1 18 10 35 0 2 10.0
1 21 7 25 0 2 10.0
1 6 22 35 0 2 10.0
1 19 9 25 0 2 10.0
1 20 8 25 0 2 10.0
1 7 21 35 0 2 10.0
1 18 10 35 0 2 10.0
1 23 5 25 0 2 10.0
1 14 14 25 0 2 10.0
1 26 2 35 0 2 10.0
1 1 27 35 0 2 10.0
1 18 10 35 0 2 10.0
1 8 20 25 0 2 10.0
1 19 9 25 0 2 10.0
1 27 1 25 0 2 10.0
1 21 7 35 0 2 10.0
1 22 6 25 0 2 10.0
1 18 10 25 0 2 10.0
1 17 11 25 0 2 10.0
1 1 33 35 0 2 10.0
1 24 4 25 0 2 10.0
1 1 28 35 0 2 10.0
1 15 13 35 0 2 10.0
1 9 19 35 0 2 10.0
1 22 6 35 0 2 10.0
1 5 23 25 0 2 10.0
1 18 10 25 0 2 10.0
1 15 13 35 0 2 10.0
1 12 16 25 0 2 10.0
1 24 4 25 0 2 10.0
1 6 22 35 0 2 10.0
1 22 6 35 0 2 10.0
1 23 5 25 0 2 10.0
1 5 23 25 0 2 10.0
1 3 25 35 0 2 10.0
1 20 8 35 0 2 10.0
1 10 18 25 0 2 10.0
1 4 24 35 0 2 10.0
1 13 15 25 0 2 10.0
1 20 8 35 0 2 10.0
1 10 18 35 0 2 10.0
1 11 17 25 0 2 10.0
1 23 5 35 0 2 10.0
1 1 27 35 0 2 10.0
1 9 19 25 0 2 10.0
1 8 20 35 0 2 10.0
1 25 3 25 0 2 10.0
1 1 33 35 0 2 10.0
1 12 16 25 0 2 10.0
1 1 33 35 0 2 10.0
1 24 4 25 0 2 10.0
1 5 23 25 0 2 10.0
1 26 2 35 0 2 10.0
1 24 4 35 0 2 10.0
1 11 17 25 0 2 10.0
1 11 17 25 0 2 10.0
1 17 11 25 0 2 10.0
1 26 2 25 0 2 10.0
1 8 20 25 0 2 10.0
1 15 13 25 0 2 10.0
1 16 12 35 0 2 10.0
1 10 18 35 0 2 10.0
1 24 4 25 0 2 10.0
1 7 21 25 0 2 10.0
1 12 16 25 0 2 10.0
1 16 12 25 0 2 10.0
1 27 1 35 0 2 10.0
1 6 22 35 0 2 10.0
1 14 14 25 0 2 10.0
1 9 19 35 0 2 10.0
1 27 1 25 0 2 10.0
1 1 31 35 0 2 10.0
1 21 7 25 0 2 10.0
1 12 16 35 0 2 10.0
1 20 8 25 0 2 10.0
1 27 1 25 0 2 10.0
1 9 19 35 0 2 10.0
1 14 14 25 0 2 10.0
1 6 22 35 0 2 10.0
1 8 20 25 0 2 10.0
1 22 6 35 0 2 10.0
1 20 8 35 0 2 10.0
1 18 10 35 0 2 10.0
1 17 11 25 0 2 10.0
1 4 24 35 0 2 10.0
1 18 10 35 0 2 10.0
1 1 31 35 0 2 10.0
1 25 3 25 0 2 10.0
1 18 10 25 0 2 10.0
1 4 24 35 0 2 10.0
1 1 31 35 0 2 10.0
1 19 9 25 0 2 10.0
1 26 2 35 0 2 10.0
1 16 12 35 0 2 10.0
1 5 23 25 0 2 10.0
1 7 21 35 0 2 10.0
1 22 6 35 0 2 10.0
1 23 5 35 0 2 10.0
1 18 10 35 0 2 10.0
1 22 6 35 0 2 10.0
1 15 13 35 0 2 10.0
1 27 1 25 0 2 10.0
1 12 16 25 0 2 10.0
1 15 13 35 0 2 10.0
1 23 5 25 0 2 10.0
1 7 21 25 0 2 10.0
1 16 12 25 0 2 10.0
1 15 13 25 0 2 10.0
1 13 15 35 0 2 10.0
1 24 4 25 0 2 10.0
1 14 14 35 0 2 10.0
1 1 32 35 0 2 10.0
1 24 4 25 0 2 10.0
1 26 2 25 0 2 10.0
1 25 3 25 0 2 10.0
1 7 21 25 0 2 10.0
1 13 15 35 0 2 10.0
1 11 17 25 0 2 10.0
1 9 19 35 0 2 10.0
1 23 5 25 0 2 10.0
1 1 32 35 0 2 10.0
1 1 33 35 0 2 10.0
1 10 18 25 0 2 10.0
1 15 13 25 0 2 10.0
1 20 8 25 0 2 10.0
1 26 2 25 0 2 10.0
1 20 8 35 0 2 10.0
1 26 2 25 0 2 10.0
1 17 11 25 0 2 10.0
1 11 17 25 0 2 10.0
1 10 18 35 0 2 10.0
1 20 8 35 0 2 10.0
1 15 13 25 0 2 10.0
1 18 10 35 0 2 10.0
1 10 18 25 0 2 10.0
1 10 18 25 0 2 10.0
1 21 7 35 0 2 10.0
1 6 22 35 0 2 10.0
1 21 7 35 0 2 10.0
1 27 1 25 0 2 10.0
1 2 26 35 0 2 10.0
1 18 10 25 0 2 10.0
1 14 14 35 0 2 10.0
1 14 14 35 0 2 10.0
1 11 17 25 0 2 10.0
1 17 11 25 0 2 10.0
1 12 16 25 0 2 10.0
1 26 2 25 0 2 10.0
1 6 22 25 0 2 10.0
1 19 9 25 0 2 10.0
1 14 14 25 0 2 10.0
1 1 30 35 0 2 10.0
1 26 2 35 0 2 10.0
1 8 20 35 0 2 10.0
1 5 23 25 0 2 10.0
1 4 24 35 0 2 10.0
1 21 7 25 0 2 10.0
1 6 22 35 0 2 10.0
1 26 2 35 0 2 10.0
1 11 17 25 0 2 10.0
1 9 19 25 0 2 10.0
