200
2 1 0 2 0 
2 1 0 2 0 
2 1 0 2 0 
4 1 0 2 0 3 0 4 0 
2 1 0 2 0 
2 1 0 2 0 
2 1 0 2 0 
1 1 0 
1 1 0 
2 1 0 2 0 
1 1 0 
4 1 1 2 1 3 1 4 1 
1 1 0 
10 1 0 2 0 3 0 4 0 5 0 8 0 9 0 10 0 11 0 12 0 
1 1 0 
10 1 0 2 0 3 0 4 0 5 0 8 0 9 0 10 0 11 0 12 0 
10 1 1 2 1 3 1 4 1 5 1 8 1 9 1 10 1 11 1 12 1 
1 1 0 
1 1 1 
1 1 0 
1 1 0 
1 1 0 
4 1 0 2 0 3 0 4 0 
1 1 0 
1 1 1 
1 1 1 
1 1 0 
1 1 1 
10 1 1 2 1 3 1 4 1 5 1 8 1 9 1 10 1 11 1 12 1 
1 1 1 
1 1 1 
1 1 1 
10 1 0 2 0 3 0 4 0 5 0 8 0 9 0 10 0 11 0 12 0 
1 1 0 
1 1 1 
10 1 0 2 0 3 0 4 0 5 0 8 0 9 0 10 0 11 0 12 0 
4 1 1 2 1 3 1 4 1 
4 1 1 2 1 3 1 4 1 
1 1 0 
4 1 1 2 1 3 1 4 1 
1 1 1 
1 1 1 
10 1 1 2 1 3 1 4 1 5 1 8 1 9 1 10 1 11 1 12 1 
10 1 0 2 0 3 0 4 0 5 0 8 0 9 0 10 0 11 0 12 0 
4 1 0 2 0 3 0 4 0 
1 1 1 
4 1 1 2 1 3 1 4 1 
10 1 1 2 1 3 1 4 1 5 1 8 1 9 1 10 1 11 1 12 1 
4 1 1 2 1 3 1 4 1 
1 1 0 
4 1 0 2 0 3 0 4 0 
4 1 0 2 0 3 0 4 0 
10 1 0 2 0 3 0 4 0 5 0 8 0 9 0 10 0 11 0 12 0 
1 1 1 
4 1 1 2 1 3 1 4 1 
10 1 0 2 0 3 0 4 0 5 0 8 0 9 0 10 0 11 0 12 0 
4 1 0 2 0 3 0 4 0 
4 1 1 2 1 3 1 4 1 
10 1 0 2 0 3 0 4 0 5 0 8 0 9 0 10 0 11 0 12 0 
1 1 1 
4 1 1 2 1 3 1 4 1 
1 1 1 
4 1 0 2 0 3 0 4 0 
1 1 0 
4 1 1 2 1 3 1 4 1 
1 1 1 
10 1 1 2 1 3 1 4 1 5 1 8 1 9 1 10 1 11 1 12 1 
10 1 0 2 0 3 0 4 0 5 0 8 0 9 0 10 0 11 0 12 0 
1 1 0 
10 1 0 2 0 3 0 4 0 5 0 8 0 9 0 10 0 11 0 12 0 
25 36 1 37 1 38 1 39 1 40 1 43 1 44 1 45 1 46 1 47 1 50 1 51 1 52 1 53 1 54 1 57 1 58 1 59 1 60 1 61 1 64 1 65 1 66 1 67 1 68 1 
25 64 1 65 1 66 1 67 1 68 1 71 1 72 1 73 1 74 1 75 1 78 1 79 1 80 1 81 1 82 1 85 1 86 1 87 1 88 1 89 1 92 1 93 1 94 1 95 1 96 1 
35 57 1 58 1 59 1 60 1 61 1 64 1 65 1 66 1 67 1 68 1 71 1 72 1 73 1 74 1 75 1 78 1 79 1 80 1 81 1 82 1 85 1 86 1 87 1 88 1 89 1 92 1 93 1 94 1 95 1 96 1 99 1 100 1 101 1 102 1 103 1 
35 57 1 58 1 59 1 60 1 61 1 64 1 65 1 66 1 67 1 68 1 71 1 72 1 73 1 74 1 75 1 78 1 79 1 80 1 81 1 82 1 85 1 86 1 87 1 88 1 89 1 92 1 93 1 94 1 95 1 96 1 99 1 100 1 101 1 102 1 103 1 
35 50 1 51 1 52 1 53 1 54 1 57 1 58 1 59 1 60 1 61 1 64 1 65 1 66 1 67 1 68 1 71 1 72 1 73 1 74 1 75 1 78 1 79 1 80 1 81 1 82 1 85 1 86 1 87 1 88 1 89 1 92 1 93 1 94 1 95 1 96 1 
35 3 1 4 1 5 1 8 1 9 1 10 1 11 1 12 1 15 1 16 1 17 1 18 1 19 1 22 1 23 1 24 1 25 1 26 1 29 1 30 1 31 1 32 1 33 1 36 1 37 1 38 1 39 1 40 1 43 1 44 1 45 1 46 1 47 1 50 1 51 1 
25 1 1 2 1 3 1 4 1 5 1 8 1 9 1 10 1 11 1 12 1 15 1 16 1 17 1 18 1 19 1 22 1 23 1 24 1 25 1 26 1 29 1 30 1 31 1 32 1 33 1 
25 15 1 16 1 17 1 18 1 19 1 22 1 23 1 24 1 25 1 26 1 29 1 30 1 31 1 32 1 33 1 36 1 37 1 38 1 39 1 40 1 43 1 44 1 45 1 46 1 47 1 
25 3 1 4 1 5 1 8 1 9 1 10 1 11 1 12 1 15 1 16 1 17 1 18 1 19 1 22 1 23 1 24 1 25 1 26 1 29 1 30 1 31 1 32 1 33 1 36 1 37 1 
25 8 1 9 1 10 1 11 1 12 1 15 1 16 1 17 1 18 1 19 1 22 1 23 1 24 1 25 1 26 1 29 1 30 1 31 1 32 1 33 1 36 1 37 1 38 1 39 1 40 1 
35 52 1 53 1 54 1 57 1 58 1 59 1 60 1 61 1 64 1 65 1 66 1 67 1 68 1 71 1 72 1 73 1 74 1 75 1 78 1 79 1 80 1 81 1 82 1 85 1 86 1 87 1 88 1 89 1 92 1 93 1 94 1 95 1 96 1 99 1 100 1 
35 64 1 65 1 66 1 67 1 68 1 71 1 72 1 73 1 74 1 75 1 78 1 79 1 80 1 81 1 82 1 85 1 86 1 87 1 88 1 89 1 92 1 93 1 94 1 95 1 96 1 99 1 100 1 101 1 102 1 103 1 106 1 107 1 108 1 109 1 110 1 
25 8 1 9 1 10 1 11 1 12 1 15 1 16 1 17 1 18 1 19 1 22 1 23 1 24 1 25 1 26 1 29 1 30 1 31 1 32 1 33 1 36 1 37 1 38 1 39 1 40 1 
35 1 1 2 1 3 1 4 1 5 1 8 1 9 1 10 1 11 1 12 1 15 1 16 1 17 1 18 1 19 1 22 1 23 1 24 1 25 1 26 1 29 1 30 1 31 1 32 1 33 1 36 1 37 1 38 1 39 1 40 1 43 1 44 1 45 1 46 1 47 1 
35 64 1 65 1 66 1 67 1 68 1 71 1 72 1 73 1 74 1 75 1 78 1 79 1 80 1 81 1 82 1 85 1 86 1 87 1 88 1 89 1 92 1 93 1 94 1 95 1 96 1 99 1 100 1 101 1 102 1 103 1 106 1 107 1 108 1 109 1 110 1 
35 52 1 53 1 54 1 57 1 58 1 59 1 60 1 61 1 64 1 65 1 66 1 67 1 68 1 71 1 72 1 73 1 74 1 75 1 78 1 79 1 80 1 81 1 82 1 85 1 86 1 87 1 88 1 89 1 92 1 93 1 94 1 95 1 96 1 99 1 100 1 
35 73 1 74 1 75 1 78 1 79 1 80 1 81 1 82 1 85 1 86 1 87 1 88 1 89 1 92 1 93 1 94 1 95 1 96 1 99 1 100 1 101 1 102 1 103 1 106 1 107 1 108 1 109 1 110 1 113 1 114 1 115 1 116 1 117 1 120 1 121 1 
35 57 1 58 1 59 1 60 1 61 1 64 1 65 1 66 1 67 1 68 1 71 1 72 1 73 1 74 1 75 1 78 1 79 1 80 1 81 1 82 1 85 1 86 1 87 1 88 1 89 1 92 1 93 1 94 1 95 1 96 1 99 1 100 1 101 1 102 1 103 1 
35 1 1 2 1 3 1 4 1 5 1 8 1 9 1 10 1 11 1 12 1 15 1 16 1 17 1 18 1 19 1 22 1 23 1 24 1 25 1 26 1 29 1 30 1 31 1 32 1 33 1 36 1 37 1 38 1 39 1 40 1 43 1 44 1 45 1 46 1 47 1 
25 3 1 4 1 5 1 8 1 9 1 10 1 11 1 12 1 15 1 16 1 17 1 18 1 19 1 22 1 23 1 24 1 25 1 26 1 29 1 30 1 31 1 32 1 33 1 36 1 37 1 
35 1 1 2 1 3 1 4 1 5 1 8 1 9 1 10 1 11 1 12 1 15 1 16 1 17 1 18 1 19 1 22 1 23 1 24 1 25 1 26 1 29 1 30 1 31 1 32 1 33 1 36 1 37 1 38 1 39 1 40 1 43 1 44 1 45 1 46 1 47 1 
25 36 1 37 1 38 1 39 1 40 1 43 1 44 1 45 1 46 1 47 1 50 1 51 1 52 1 53 1 54 1 57 1 58 1 59 1 60 1 61 1 64 1 65 1 66 1 67 1 68 1 
25 50 1 51 1 52 1 53 1 54 1 57 1 58 1 59 1 60 1 61 1 64 1 65 1 66 1 67 1 68 1 71 1 72 1 73 1 74 1 75 1 78 1 79 1 80 1 81 1 82 1 
35 8 1 9 1 10 1 11 1 12 1 15 1 16 1 17 1 18 1 19 1 22 1 23 1 24 1 25 1 26 1 29 1 30 1 31 1 32 1 33 1 36 1 37 1 38 1 39 1 40 1 43 1 44 1 45 1 46 1 47 1 50 1 51 1 52 1 53 1 54 1 
35 50 1 51 1 52 1 53 1 54 1 57 1 58 1 59 1 60 1 61 1 64 1 65 1 66 1 67 1 68 1 71 1 72 1 73 1 74 1 75 1 78 1 79 1 80 1 81 1 82 1 85 1 86 1 87 1 88 1 89 1 92 1 93 1 94 1 95 1 96 1 
35 38 1 39 1 40 1 43 1 44 1 45 1 46 1 47 1 50 1 51 1 52 1 53 1 54 1 57 1 58 1 59 1 60 1 61 1 64 1 65 1 66 1 67 1 68 1 71 1 72 1 73 1 74 1 75 1 78 1 79 1 80 1 81 1 82 1 85 1 86 1 
35 36 1 37 1 38 1 39 1 40 1 43 1 44 1 45 1 46 1 47 1 50 1 51 1 52 1 53 1 54 1 57 1 58 1 59 1 60 1 61 1 64 1 65 1 66 1 67 1 68 1 71 1 72 1 73 1 74 1 75 1 78 1 79 1 80 1 81 1 82 1 
25 3 1 4 1 5 1 8 1 9 1 10 1 11 1 12 1 15 1 16 1 17 1 18 1 19 1 22 1 23 1 24 1 25 1 26 1 29 1 30 1 31 1 32 1 33 1 36 1 37 1 
35 1 1 2 1 3 1 4 1 5 1 8 1 9 1 10 1 11 1 12 1 15 1 16 1 17 1 18 1 19 1 22 1 23 1 24 1 25 1 26 1 29 1 30 1 31 1 32 1 33 1 36 1 37 1 38 1 39 1 40 1 43 1 44 1 45 1 46 1 47 1 
35 8 1 9 1 10 1 11 1 12 1 15 1 16 1 17 1 18 1 19 1 22 1 23 1 24 1 25 1 26 1 29 1 30 1 31 1 32 1 33 1 36 1 37 1 38 1 39 1 40 1 43 1 44 1 45 1 46 1 47 1 50 1 51 1 52 1 53 1 54 1 
25 36 1 37 1 38 1 39 1 40 1 43 1 44 1 45 1 46 1 47 1 50 1 51 1 52 1 53 1 54 1 57 1 58 1 59 1 60 1 61 1 64 1 65 1 66 1 67 1 68 1 
35 8 1 9 1 10 1 11 1 12 1 15 1 16 1 17 1 18 1 19 1 22 1 23 1 24 1 25 1 26 1 29 1 30 1 31 1 32 1 33 1 36 1 37 1 38 1 39 1 40 1 43 1 44 1 45 1 46 1 47 1 50 1 51 1 52 1 53 1 54 1 
25 1 1 2 1 3 1 4 1 5 1 8 1 9 1 10 1 11 1 12 1 15 1 16 1 17 1 18 1 19 1 22 1 23 1 24 1 25 1 26 1 29 1 30 1 31 1 32 1 33 1 
25 57 1 58 1 59 1 60 1 61 1 64 1 65 1 66 1 67 1 68 1 71 1 72 1 73 1 74 1 75 1 78 1 79 1 80 1 81 1 82 1 85 1 86 1 87 1 88 1 89 1 
25 3 1 4 1 5 1 8 1 9 1 10 1 11 1 12 1 15 1 16 1 17 1 18 1 19 1 22 1 23 1 24 1 25 1 26 1 29 1 30 1 31 1 32 1 33 1 36 1 37 1 
35 50 1 51 1 52 1 53 1 54 1 57 1 58 1 59 1 60 1 61 1 64 1 65 1 66 1 67 1 68 1 71 1 72 1 73 1 74 1 75 1 78 1 79 1 80 1 81 1 82 1 85 1 86 1 87 1 88 1 89 1 92 1 93 1 94 1 95 1 96 1 
25 50 1 51 1 52 1 53 1 54 1 57 1 58 1 59 1 60 1 61 1 64 1 65 1 66 1 67 1 68 1 71 1 72 1 73 1 74 1 75 1 78 1 79 1 80 1 81 1 82 1 
35 1 1 2 1 3 1 4 1 5 1 8 1 9 1 10 1 11 1 12 1 15 1 16 1 17 1 18 1 19 1 22 1 23 1 24 1 25 1 26 1 29 1 30 1 31 1 32 1 33 1 36 1 37 1 38 1 39 1 40 1 43 1 44 1 45 1 46 1 47 1 
35 71 1 72 1 73 1 74 1 75 1 78 1 79 1 80 1 81 1 82 1 85 1 86 1 87 1 88 1 89 1 92 1 93 1 94 1 95 1 96 1 99 1 100 1 101 1 102 1 103 1 106 1 107 1 108 1 109 1 110 1 113 1 114 1 115 1 116 1 117 1 
35 71 1 72 1 73 1 74 1 75 1 78 1 79 1 80 1 81 1 82 1 85 1 86 1 87 1 88 1 89 1 92 1 93 1 94 1 95 1 96 1 99 1 100 1 101 1 102 1 103 1 106 1 107 1 108 1 109 1 110 1 113 1 114 1 115 1 116 1 117 1 
35 1 1 2 1 3 1 4 1 5 1 8 1 9 1 10 1 11 1 12 1 15 1 16 1 17 1 18 1 19 1 22 1 23 1 24 1 25 1 26 1 29 1 30 1 31 1 32 1 33 1 36 1 37 1 38 1 39 1 40 1 43 1 44 1 45 1 46 1 47 1 
25 1 1 2 1 3 1 4 1 5 1 8 1 9 1 10 1 11 1 12 1 15 1 16 1 17 1 18 1 19 1 22 1 23 1 24 1 25 1 26 1 29 1 30 1 31 1 32 1 33 1 
35 71 1 72 1 73 1 74 1 75 1 78 1 79 1 80 1 81 1 82 1 85 1 86 1 87 1 88 1 89 1 92 1 93 1 94 1 95 1 96 1 99 1 100 1 101 1 102 1 103 1 106 1 107 1 108 1 109 1 110 1 113 1 114 1 115 1 116 1 117 1 
35 1 1 2 1 3 1 4 1 5 1 8 1 9 1 10 1 11 1 12 1 15 1 16 1 17 1 18 1 19 1 22 1 23 1 24 1 25 1 26 1 29 1 30 1 31 1 32 1 33 1 36 1 37 1 38 1 39 1 40 1 43 1 44 1 45 1 46 1 47 1 
25 50 1 51 1 52 1 53 1 54 1 57 1 58 1 59 1 60 1 61 1 64 1 65 1 66 1 67 1 68 1 71 1 72 1 73 1 74 1 75 1 78 1 79 1 80 1 81 1 82 1 
25 50 1 51 1 52 1 53 1 54 1 57 1 58 1 59 1 60 1 61 1 64 1 65 1 66 1 67 1 68 1 71 1 72 1 73 1 74 1 75 1 78 1 79 1 80 1 81 1 82 1 
25 8 1 9 1 10 1 11 1 12 1 15 1 16 1 17 1 18 1 19 1 22 1 23 1 24 1 25 1 26 1 29 1 30 1 31 1 32 1 33 1 36 1 37 1 38 1 39 1 40 1 
35 36 1 37 1 38 1 39 1 40 1 43 1 44 1 45 1 46 1 47 1 50 1 51 1 52 1 53 1 54 1 57 1 58 1 59 1 60 1 61 1 64 1 65 1 66 1 67 1 68 1 71 1 72 1 73 1 74 1 75 1 78 1 79 1 80 1 81 1 82 1 
25 36 1 37 1 38 1 39 1 40 1 43 1 44 1 45 1 46 1 47 1 50 1 51 1 52 1 53 1 54 1 57 1 58 1 59 1 60 1 61 1 64 1 65 1 66 1 67 1 68 1 
25 1 1 2 1 3 1 4 1 5 1 8 1 9 1 10 1 11 1 12 1 15 1 16 1 17 1 18 1 19 1 22 1 23 1 24 1 25 1 26 1 29 1 30 1 31 1 32 1 33 1 
25 1 1 2 1 3 1 4 1 5 1 8 1 9 1 10 1 11 1 12 1 15 1 16 1 17 1 18 1 19 1 22 1 23 1 24 1 25 1 26 1 29 1 30 1 31 1 32 1 33 1 
25 71 1 72 1 73 1 74 1 75 1 78 1 79 1 80 1 81 1 82 1 85 1 86 1 87 1 88 1 89 1 92 1 93 1 94 1 95 1 96 1 99 1 100 1 101 1 102 1 103 1 
25 1 1 2 1 3 1 4 1 5 1 8 1 9 1 10 1 11 1 12 1 15 1 16 1 17 1 18 1 19 1 22 1 23 1 24 1 25 1 26 1 29 1 30 1 31 1 32 1 33 1 
25 52 1 53 1 54 1 57 1 58 1 59 1 60 1 61 1 64 1 65 1 66 1 67 1 68 1 71 1 72 1 73 1 74 1 75 1 78 1 79 1 80 1 81 1 82 1 85 1 86 1 
25 36 1 37 1 38 1 39 1 40 1 43 1 44 1 45 1 46 1 47 1 50 1 51 1 52 1 53 1 54 1 57 1 58 1 59 1 60 1 61 1 64 1 65 1 66 1 67 1 68 1 
35 52 1 53 1 54 1 57 1 58 1 59 1 60 1 61 1 64 1 65 1 66 1 67 1 68 1 71 1 72 1 73 1 74 1 75 1 78 1 79 1 80 1 81 1 82 1 85 1 86 1 87 1 88 1 89 1 92 1 93 1 94 1 95 1 96 1 99 1 100 1 
35 50 1 51 1 52 1 53 1 54 1 57 1 58 1 59 1 60 1 61 1 64 1 65 1 66 1 67 1 68 1 71 1 72 1 73 1 74 1 75 1 78 1 79 1 80 1 81 1 82 1 85 1 86 1 87 1 88 1 89 1 92 1 93 1 94 1 95 1 96 1 
35 38 1 39 1 40 1 43 1 44 1 45 1 46 1 47 1 50 1 51 1 52 1 53 1 54 1 57 1 58 1 59 1 60 1 61 1 64 1 65 1 66 1 67 1 68 1 71 1 72 1 73 1 74 1 75 1 78 1 79 1 80 1 81 1 82 1 85 1 86 1 
35 15 1 16 1 17 1 18 1 19 1 22 1 23 1 24 1 25 1 26 1 29 1 30 1 31 1 32 1 33 1 36 1 37 1 38 1 39 1 40 1 43 1 44 1 45 1 46 1 47 1 50 1 51 1 52 1 53 1 54 1 57 1 58 1 59 1 60 1 61 1 
25 1 1 2 1 3 1 4 1 5 1 8 1 9 1 10 1 11 1 12 1 15 1 16 1 17 1 18 1 19 1 22 1 23 1 24 1 25 1 26 1 29 1 30 1 31 1 32 1 33 1 
35 1 1 2 1 3 1 4 1 5 1 8 1 9 1 10 1 11 1 12 1 15 1 16 1 17 1 18 1 19 1 22 1 23 1 24 1 25 1 26 1 29 1 30 1 31 1 32 1 33 1 36 1 37 1 38 1 39 1 40 1 43 1 44 1 45 1 46 1 47 1 
25 38 1 39 1 40 1 43 1 44 1 45 1 46 1 47 1 50 1 51 1 52 1 53 1 54 1 57 1 58 1 59 1 60 1 61 1 64 1 65 1 66 1 67 1 68 1 71 1 72 1 
25 71 1 72 1 73 1 74 1 75 1 78 1 79 1 80 1 81 1 82 1 85 1 86 1 87 1 88 1 89 1 92 1 93 1 94 1 95 1 96 1 99 1 100 1 101 1 102 1 103 1 
35 8 1 9 1 10 1 11 1 12 1 15 1 16 1 17 1 18 1 19 1 22 1 23 1 24 1 25 1 26 1 29 1 30 1 31 1 32 1 33 1 36 1 37 1 38 1 39 1 40 1 43 1 44 1 45 1 46 1 47 1 50 1 51 1 52 1 53 1 54 1 
25 1 1 2 1 3 1 4 1 5 1 8 1 9 1 10 1 11 1 12 1 15 1 16 1 17 1 18 1 19 1 22 1 23 1 24 1 25 1 26 1 29 1 30 1 31 1 32 1 33 1 
35 52 1 53 1 54 1 57 1 58 1 59 1 60 1 61 1 64 1 65 1 66 1 67 1 68 1 71 1 72 1 73 1 74 1 75 1 78 1 79 1 80 1 81 1 82 1 85 1 86 1 87 1 88 1 89 1 92 1 93 1 94 1 95 1 96 1 99 1 100 1 
25 50 1 51 1 52 1 53 1 54 1 57 1 58 1 59 1 60 1 61 1 64 1 65 1 66 1 67 1 68 1 71 1 72 1 73 1 74 1 75 1 78 1 79 1 80 1 81 1 82 1 
25 1 1 2 1 3 1 4 1 5 1 8 1 9 1 10 1 11 1 12 1 15 1 16 1 17 1 18 1 19 1 22 1 23 1 24 1 25 1 26 1 29 1 30 1 31 1 32 1 33 1 
35 8 1 9 1 10 1 11 1 12 1 15 1 16 1 17 1 18 1 19 1 22 1 23 1 24 1 25 1 26 1 29 1 30 1 31 1 32 1 33 1 36 1 37 1 38 1 39 1 40 1 43 1 44 1 45 1 46 1 47 1 50 1 51 1 52 1 53 1 54 1 
35 1 1 2 1 3 1 4 1 5 1 8 1 9 1 10 1 11 1 12 1 15 1 16 1 17 1 18 1 19 1 22 1 23 1 24 1 25 1 26 1 29 1 30 1 31 1 32 1 33 1 36 1 37 1 38 1 39 1 40 1 43 1 44 1 45 1 46 1 47 1 
25 3 1 4 1 5 1 8 1 9 1 10 1 11 1 12 1 15 1 16 1 17 1 18 1 19 1 22 1 23 1 24 1 25 1 26 1 29 1 30 1 31 1 32 1 33 1 36 1 37 1 
25 38 1 39 1 40 1 43 1 44 1 45 1 46 1 47 1 50 1 51 1 52 1 53 1 54 1 57 1 58 1 59 1 60 1 61 1 64 1 65 1 66 1 67 1 68 1 71 1 72 1 
35 1 1 2 1 3 1 4 1 5 1 8 1 9 1 10 1 11 1 12 1 15 1 16 1 17 1 18 1 19 1 22 1 23 1 24 1 25 1 26 1 29 1 30 1 31 1 32 1 33 1 36 1 37 1 38 1 39 1 40 1 43 1 44 1 45 1 46 1 47 1 
25 3 1 4 1 5 1 8 1 9 1 10 1 11 1 12 1 15 1 16 1 17 1 18 1 19 1 22 1 23 1 24 1 25 1 26 1 29 1 30 1 31 1 32 1 33 1 36 1 37 1 
25 52 1 53 1 54 1 57 1 58 1 59 1 60 1 61 1 64 1 65 1 66 1 67 1 68 1 71 1 72 1 73 1 74 1 75 1 78 1 79 1 80 1 81 1 82 1 85 1 86 1 
35 1 1 2 1 3 1 4 1 5 1 8 1 9 1 10 1 11 1 12 1 15 1 16 1 17 1 18 1 19 1 22 1 23 1 24 1 25 1 26 1 29 1 30 1 31 1 32 1 33 1 36 1 37 1 38 1 39 1 40 1 43 1 44 1 45 1 46 1 47 1 
35 36 1 37 1 38 1 39 1 40 1 43 1 44 1 45 1 46 1 47 1 50 1 51 1 52 1 53 1 54 1 57 1 58 1 59 1 60 1 61 1 64 1 65 1 66 1 67 1 68 1 71 1 72 1 73 1 74 1 75 1 78 1 79 1 80 1 81 1 82 1 
25 50 1 51 1 52 1 53 1 54 1 57 1 58 1 59 1 60 1 61 1 64 1 65 1 66 1 67 1 68 1 71 1 72 1 73 1 74 1 75 1 78 1 79 1 80 1 81 1 82 1 
25 3 1 4 1 5 1 8 1 9 1 10 1 11 1 12 1 15 1 16 1 17 1 18 1 19 1 22 1 23 1 24 1 25 1 26 1 29 1 30 1 31 1 32 1 33 1 36 1 37 1 
25 50 1 51 1 52 1 53 1 54 1 57 1 58 1 59 1 60 1 61 1 64 1 65 1 66 1 67 1 68 1 71 1 72 1 73 1 74 1 75 1 78 1 79 1 80 1 81 1 82 1 
35 15 1 16 1 17 1 18 1 19 1 22 1 23 1 24 1 25 1 26 1 29 1 30 1 31 1 32 1 33 1 36 1 37 1 38 1 39 1 40 1 43 1 44 1 45 1 46 1 47 1 50 1 51 1 52 1 53 1 54 1 57 1 58 1 59 1 60 1 61 1 
25 50 1 51 1 52 1 53 1 54 1 57 1 58 1 59 1 60 1 61 1 64 1 65 1 66 1 67 1 68 1 71 1 72 1 73 1 74 1 75 1 78 1 79 1 80 1 81 1 82 1 
35 3 1 4 1 5 1 8 1 9 1 10 1 11 1 12 1 15 1 16 1 17 1 18 1 19 1 22 1 23 1 24 1 25 1 26 1 29 1 30 1 31 1 32 1 33 1 36 1 37 1 38 1 39 1 40 1 43 1 44 1 45 1 46 1 47 1 50 1 51 1 
25 43 1 44 1 45 1 46 1 47 1 50 1 51 1 52 1 53 1 54 1 57 1 58 1 59 1 60 1 61 1 64 1 65 1 66 1 67 1 68 1 71 1 72 1 73 1 74 1 75 1 
35 43 1 44 1 45 1 46 1 47 1 50 1 51 1 52 1 53 1 54 1 57 1 58 1 59 1 60 1 61 1 64 1 65 1 66 1 67 1 68 1 71 1 72 1 73 1 74 1 75 1 78 1 79 1 80 1 81 1 82 1 85 1 86 1 87 1 88 1 89 1 
35 36 1 37 1 38 1 39 1 40 1 43 1 44 1 45 1 46 1 47 1 50 1 51 1 52 1 53 1 54 1 57 1 58 1 59 1 60 1 61 1 64 1 65 1 66 1 67 1 68 1 71 1 72 1 73 1 74 1 75 1 78 1 79 1 80 1 81 1 82 1 
35 50 1 51 1 52 1 53 1 54 1 57 1 58 1 59 1 60 1 61 1 64 1 65 1 66 1 67 1 68 1 71 1 72 1 73 1 74 1 75 1 78 1 79 1 80 1 81 1 82 1 85 1 86 1 87 1 88 1 89 1 92 1 93 1 94 1 95 1 96 1 
25 43 1 44 1 45 1 46 1 47 1 50 1 51 1 52 1 53 1 54 1 57 1 58 1 59 1 60 1 61 1 64 1 65 1 66 1 67 1 68 1 71 1 72 1 73 1 74 1 75 1 
25 43 1 44 1 45 1 46 1 47 1 50 1 51 1 52 1 53 1 54 1 57 1 58 1 59 1 60 1 61 1 64 1 65 1 66 1 67 1 68 1 71 1 72 1 73 1 74 1 75 1 
25 73 1 74 1 75 1 78 1 79 1 80 1 81 1 82 1 85 1 86 1 87 1 88 1 89 1 92 1 93 1 94 1 95 1 96 1 99 1 100 1 101 1 102 1 103 1 106 1 107 1 
25 15 1 16 1 17 1 18 1 19 1 22 1 23 1 24 1 25 1 26 1 29 1 30 1 31 1 32 1 33 1 36 1 37 1 38 1 39 1 40 1 43 1 44 1 45 1 46 1 47 1 
25 52 1 53 1 54 1 57 1 58 1 59 1 60 1 61 1 64 1 65 1 66 1 67 1 68 1 71 1 72 1 73 1 74 1 75 1 78 1 79 1 80 1 81 1 82 1 85 1 86 1 
35 50 1 51 1 52 1 53 1 54 1 57 1 58 1 59 1 60 1 61 1 64 1 65 1 66 1 67 1 68 1 71 1 72 1 73 1 74 1 75 1 78 1 79 1 80 1 81 1 82 1 85 1 86 1 87 1 88 1 89 1 92 1 93 1 94 1 95 1 96 1 
25 3 1 4 1 5 1 8 1 9 1 10 1 11 1 12 1 15 1 16 1 17 1 18 1 19 1 22 1 23 1 24 1 25 1 26 1 29 1 30 1 31 1 32 1 33 1 36 1 37 1 
35 71 1 72 1 73 1 74 1 75 1 78 1 79 1 80 1 81 1 82 1 85 1 86 1 87 1 88 1 89 1 92 1 93 1 94 1 95 1 96 1 99 1 100 1 101 1 102 1 103 1 106 1 107 1 108 1 109 1 110 1 113 1 114 1 115 1 116 1 117 1 
25 50 1 51 1 52 1 53 1 54 1 57 1 58 1 59 1 60 1 61 1 64 1 65 1 66 1 67 1 68 1 71 1 72 1 73 1 74 1 75 1 78 1 79 1 80 1 81 1 82 1 
35 3 1 4 1 5 1 8 1 9 1 10 1 11 1 12 1 15 1 16 1 17 1 18 1 19 1 22 1 23 1 24 1 25 1 26 1 29 1 30 1 31 1 32 1 33 1 36 1 37 1 38 1 39 1 40 1 43 1 44 1 45 1 46 1 47 1 50 1 51 1 
25 57 1 58 1 59 1 60 1 61 1 64 1 65 1 66 1 67 1 68 1 71 1 72 1 73 1 74 1 75 1 78 1 79 1 80 1 81 1 82 1 85 1 86 1 87 1 88 1 89 1 
25 36 1 37 1 38 1 39 1 40 1 43 1 44 1 45 1 46 1 47 1 50 1 51 1 52 1 53 1 54 1 57 1 58 1 59 1 60 1 61 1 64 1 65 1 66 1 67 1 68 1 
35 3 1 4 1 5 1 8 1 9 1 10 1 11 1 12 1 15 1 16 1 17 1 18 1 19 1 22 1 23 1 24 1 25 1 26 1 29 1 30 1 31 1 32 1 33 1 36 1 37 1 38 1 39 1 40 1 43 1 44 1 45 1 46 1 47 1 50 1 51 1 
25 1 1 2 1 3 1 4 1 5 1 8 1 9 1 10 1 11 1 12 1 15 1 16 1 17 1 18 1 19 1 22 1 23 1 24 1 25 1 26 1 29 1 30 1 31 1 32 1 33 1 
35 36 1 37 1 38 1 39 1 40 1 43 1 44 1 45 1 46 1 47 1 50 1 51 1 52 1 53 1 54 1 57 1 58 1 59 1 60 1 61 1 64 1 65 1 66 1 67 1 68 1 71 1 72 1 73 1 74 1 75 1 78 1 79 1 80 1 81 1 82 1 
35 73 1 74 1 75 1 78 1 79 1 80 1 81 1 82 1 85 1 86 1 87 1 88 1 89 1 92 1 93 1 94 1 95 1 96 1 99 1 100 1 101 1 102 1 103 1 106 1 107 1 108 1 109 1 110 1 113 1 114 1 115 1 116 1 117 1 120 1 121 1 
25 1 1 2 1 3 1 4 1 5 1 8 1 9 1 10 1 11 1 12 1 15 1 16 1 17 1 18 1 19 1 22 1 23 1 24 1 25 1 26 1 29 1 30 1 31 1 32 1 33 1 
35 3 1 4 1 5 1 8 1 9 1 10 1 11 1 12 1 15 1 16 1 17 1 18 1 19 1 22 1 23 1 24 1 25 1 26 1 29 1 30 1 31 1 32 1 33 1 36 1 37 1 38 1 39 1 40 1 43 1 44 1 45 1 46 1 47 1 50 1 51 1 
25 36 1 37 1 38 1 39 1 40 1 43 1 44 1 45 1 46 1 47 1 50 1 51 1 52 1 53 1 54 1 57 1 58 1 59 1 60 1 61 1 64 1 65 1 66 1 67 1 68 1 
25 71 1 72 1 73 1 74 1 75 1 78 1 79 1 80 1 81 1 82 1 85 1 86 1 87 1 88 1 89 1 92 1 93 1 94 1 95 1 96 1 99 1 100 1 101 1 102 1 103 1 
35 1 1 2 1 3 1 4 1 5 1 8 1 9 1 10 1 11 1 12 1 15 1 16 1 17 1 18 1 19 1 22 1 23 1 24 1 25 1 26 1 29 1 30 1 31 1 32 1 33 1 36 1 37 1 38 1 39 1 40 1 43 1 44 1 45 1 46 1 47 1 
25 8 1 9 1 10 1 11 1 12 1 15 1 16 1 17 1 18 1 19 1 22 1 23 1 24 1 25 1 26 1 29 1 30 1 31 1 32 1 33 1 36 1 37 1 38 1 39 1 40 1 
25 38 1 39 1 40 1 43 1 44 1 45 1 46 1 47 1 50 1 51 1 52 1 53 1 54 1 57 1 58 1 59 1 60 1 61 1 64 1 65 1 66 1 67 1 68 1 71 1 72 1 
25 38 1 39 1 40 1 43 1 44 1 45 1 46 1 47 1 50 1 51 1 52 1 53 1 54 1 57 1 58 1 59 1 60 1 61 1 64 1 65 1 66 1 67 1 68 1 71 1 72 1 
35 50 1 51 1 52 1 53 1 54 1 57 1 58 1 59 1 60 1 61 1 64 1 65 1 66 1 67 1 68 1 71 1 72 1 73 1 74 1 75 1 78 1 79 1 80 1 81 1 82 1 85 1 86 1 87 1 88 1 89 1 92 1 93 1 94 1 95 1 96 1 
35 1 1 2 1 3 1 4 1 5 1 8 1 9 1 10 1 11 1 12 1 15 1 16 1 17 1 18 1 19 1 22 1 23 1 24 1 25 1 26 1 29 1 30 1 31 1 32 1 33 1 36 1 37 1 38 1 39 1 40 1 43 1 44 1 45 1 46 1 47 1 
25 1 1 2 1 3 1 4 1 5 1 8 1 9 1 10 1 11 1 12 1 15 1 16 1 17 1 18 1 19 1 22 1 23 1 24 1 25 1 26 1 29 1 30 1 31 1 32 1 33 1 
25 1 1 2 1 3 1 4 1 5 1 8 1 9 1 10 1 11 1 12 1 15 1 16 1 17 1 18 1 19 1 22 1 23 1 24 1 25 1 26 1 29 1 30 1 31 1 32 1 33 1 
25 57 1 58 1 59 1 60 1 61 1 64 1 65 1 66 1 67 1 68 1 71 1 72 1 73 1 74 1 75 1 78 1 79 1 80 1 81 1 82 1 85 1 86 1 87 1 88 1 89 1 
35 1 1 2 1 3 1 4 1 5 1 8 1 9 1 10 1 11 1 12 1 15 1 16 1 17 1 18 1 19 1 22 1 23 1 24 1 25 1 26 1 29 1 30 1 31 1 32 1 33 1 36 1 37 1 38 1 39 1 40 1 43 1 44 1 45 1 46 1 47 1 
25 36 1 37 1 38 1 39 1 40 1 43 1 44 1 45 1 46 1 47 1 50 1 51 1 52 1 53 1 54 1 57 1 58 1 59 1 60 1 61 1 64 1 65 1 66 1 67 1 68 1 
35 38 1 39 1 40 1 43 1 44 1 45 1 46 1 47 1 50 1 51 1 52 1 53 1 54 1 57 1 58 1 59 1 60 1 61 1 64 1 65 1 66 1 67 1 68 1 71 1 72 1 73 1 74 1 75 1 78 1 79 1 80 1 81 1 82 1 85 1 86 1 
35 38 1 39 1 40 1 43 1 44 1 45 1 46 1 47 1 50 1 51 1 52 1 53 1 54 1 57 1 58 1 59 1 60 1 61 1 64 1 65 1 66 1 67 1 68 1 71 1 72 1 73 1 74 1 75 1 78 1 79 1 80 1 81 1 82 1 85 1 86 1 
35 3 1 4 1 5 1 8 1 9 1 10 1 11 1 12 1 15 1 16 1 17 1 18 1 19 1 22 1 23 1 24 1 25 1 26 1 29 1 30 1 31 1 32 1 33 1 36 1 37 1 38 1 39 1 40 1 43 1 44 1 45 1 46 1 47 1 50 1 51 1 
25 71 1 72 1 73 1 74 1 75 1 78 1 79 1 80 1 81 1 82 1 85 1 86 1 87 1 88 1 89 1 92 1 93 1 94 1 95 1 96 1 99 1 100 1 101 1 102 1 103 1 
35 15 1 16 1 17 1 18 1 19 1 22 1 23 1 24 1 25 1 26 1 29 1 30 1 31 1 32 1 33 1 36 1 37 1 38 1 39 1 40 1 43 1 44 1 45 1 46 1 47 1 50 1 51 1 52 1 53 1 54 1 57 1 58 1 59 1 60 1 61 1 
25 36 1 37 1 38 1 39 1 40 1 43 1 44 1 45 1 46 1 47 1 50 1 51 1 52 1 53 1 54 1 57 1 58 1 59 1 60 1 61 1 64 1 65 1 66 1 67 1 68 1 
35 36 1 37 1 38 1 39 1 40 1 43 1 44 1 45 1 46 1 47 1 50 1 51 1 52 1 53 1 54 1 57 1 58 1 59 1 60 1 61 1 64 1 65 1 66 1 67 1 68 1 71 1 72 1 73 1 74 1 75 1 78 1 79 1 80 1 81 1 82 1 
35 71 1 72 1 73 1 74 1 75 1 78 1 79 1 80 1 81 1 82 1 85 1 86 1 87 1 88 1 89 1 92 1 93 1 94 1 95 1 96 1 99 1 100 1 101 1 102 1 103 1 106 1 107 1 108 1 109 1 110 1 113 1 114 1 115 1 116 1 117 1 
35 3 1 4 1 5 1 8 1 9 1 10 1 11 1 12 1 15 1 16 1 17 1 18 1 19 1 22 1 23 1 24 1 25 1 26 1 29 1 30 1 31 1 32 1 33 1 36 1 37 1 38 1 39 1 40 1 43 1 44 1 45 1 46 1 47 1 50 1 51 1 
25 1 1 2 1 3 1 4 1 5 1 8 1 9 1 10 1 11 1 12 1 15 1 16 1 17 1 18 1 19 1 22 1 23 1 24 1 25 1 26 1 29 1 30 1 31 1 32 1 33 1 
35 8 1 9 1 10 1 11 1 12 1 15 1 16 1 17 1 18 1 19 1 22 1 23 1 24 1 25 1 26 1 29 1 30 1 31 1 32 1 33 1 36 1 37 1 38 1 39 1 40 1 43 1 44 1 45 1 46 1 47 1 50 1 51 1 52 1 53 1 54 1 
25 1 1 2 1 3 1 4 1 5 1 8 1 9 1 10 1 11 1 12 1 15 1 16 1 17 1 18 1 19 1 22 1 23 1 24 1 25 1 26 1 29 1 30 1 31 1 32 1 33 1 

10 60 130 
600 
1 1 1

1 1 1 2 0 1 10.0
1 1 1 2 0 1 10.0
1 1 1 2 0 1 10.0
1 1 2 4 0 1 10.0
1 1 1 2 0 1 10.0
1 1 1 2 0 1 10.0
1 1 1 2 0 1 10.0
1 2 0 1 0 1 10.0
1 2 0 1 0 1 10.0
1 1 1 2 0 1 10.0
1 14 0 1 0 1 10.0
1 13 1 4 0 2 10.0
1 14 0 1 0 1 10.0
1 11 3 10 0 1 10.0
1 14 0 1 0 1 10.0
1 13 1 10 0 1 10.0
1 6 8 10 0 2 10.0
1 14 0 1 0 1 10.0
1 14 0 1 0 2 10.0
1 14 0 1 0 1 10.0
1 14 0 1 0 1 10.0
1 14 0 1 0 1 10.0
1 13 1 4 0 1 10.0
1 14 0 1 0 1 10.0
1 14 0 1 0 2 10.0
1 14 0 1 0 2 10.0
1 14 0 1 0 1 10.0
1 14 0 1 0 2 10.0
1 7 7 10 0 2 10.0
1 14 0 1 0 2 10.0
1 14 0 1 0 2 10.0
1 14 0 1 0 2 10.0
1 8 6 10 0 1 10.0
1 14 0 1 0 1 10.0
1 14 0 1 0 2 10.0
1 6 8 10 0 1 10.0
1 12 2 4 0 2 10.0
1 13 1 4 0 2 10.0
1 14 0 1 0 1 10.0
1 12 2 4 0 2 10.0
1 14 0 1 0 2 10.0
1 14 0 1 0 2 10.0
1 12 2 10 0 2 10.0
1 12 2 10 0 1 10.0
1 13 1 4 0 1 10.0
1 14 0 1 0 2 10.0
1 13 1 4 0 2 10.0
1 13 1 10 0 2 10.0
1 12 2 4 0 2 10.0
1 14 0 1 0 1 10.0
1 12 2 4 0 1 10.0
1 13 1 4 0 1 10.0
1 10 4 10 0 1 10.0
1 14 0 1 0 2 10.0
1 13 1 4 0 2 10.0
1 9 5 10 0 1 10.0
1 12 2 4 0 1 10.0
1 12 2 4 0 2 10.0
1 7 7 10 0 1 10.0
1 14 0 1 0 2 10.0
1 12 2 4 0 2 10.0
1 14 0 1 0 2 10.0
1 13 1 4 0 1 10.0
1 14 0 1 0 1 10.0
1 13 1 4 0 2 10.0
1 14 0 1 0 2 10.0
1 13 1 10 0 2 10.0
1 10 4 10 0 1 10.0
1 14 0 1 0 1 10.0
1 11 3 10 0 1 10.0
1 15 13 25 0 2 10.0
1 19 9 25 0 2 10.0
1 24 4 35 0 2 10.0
1 10 18 35 0 2 10.0
1 19 9 35 0 2 10.0
1 1 31 35 0 2 10.0
1 16 12 25 0 2 10.0
1 26 2 25 0 2 10.0
1 6 22 25 0 2 10.0
1 18 10 25 0 2 10.0
1 1 32 35 0 2 10.0
1 21 7 35 0 2 10.0
1 9 19 25 0 2 10.0
1 5 23 35 0 2 10.0
1 21 7 35 0 2 10.0
1 27 1 35 0 2 10.0
1 5 23 35 0 2 10.0
1 22 6 35 0 2 10.0
1 16 12 35 0 2 10.0
1 7 21 25 0 2 10.0
1 11 17 35 0 2 10.0
1 21 7 25 0 2 10.0
1 20 8 25 0 2 10.0
1 6 22 35 0 2 10.0
1 5 23 35 0 2 10.0
1 13 15 35 0 2 10.0
1 1 31 35 0 2 10.0
1 25 3 25 0 2 10.0
1 12 16 35 0 2 10.0
1 7 21 35 0 2 10.0
1 8 20 25 0 2 10.0
1 26 2 35 0 2 10.0
1 9 19 25 0 2 10.0
1 11 17 25 0 2 10.0
1 13 15 25 0 2 10.0
1 21 7 35 0 2 10.0
1 19 9 25 0 2 10.0
1 3 25 35 0 2 10.0
1 6 22 35 0 2 10.0
1 25 3 35 0 2 10.0
1 2 26 35 0 2 10.0
1 11 17 25 0 2 10.0
1 5 23 35 0 2 10.0
1 1 27 35 0 2 10.0
1 19 9 25 0 2 10.0
1 12 16 25 0 2 10.0
1 11 17 25 0 2 10.0
1 4 24 35 0 2 10.0
1 10 18 25 0 2 10.0
1 19 9 25 0 2 10.0
1 12 16 25 0 2 10.0
1 17 11 25 0 2 10.0
1 8 20 25 0 2 10.0
1 24 4 25 0 2 10.0
1 22 6 25 0 2 10.0
1 10 18 35 0 2 10.0
1 19 9 35 0 2 10.0
1 4 24 35 0 2 10.0
1 19 9 35 0 2 10.0
1 14 14 25 0 2 10.0
1 19 9 35 0 2 10.0
1 13 15 25 0 2 10.0
1 11 17 25 0 2 10.0
1 26 2 35 0 2 10.0
1 8 20 25 0 2 10.0
1 21 7 35 0 2 10.0
1 20 8 25 0 2 10.0
1 15 13 25 0 2 10.0
1 1 29 35 0 2 10.0
1 14 14 35 0 2 10.0
1 11 17 25 0 2 10.0
1 24 4 25 0 2 10.0
1 14 14 35 0 2 10.0
1 11 17 25 0 2 10.0
1 10 18 25 0 2 10.0
1 1 32 35 0 2 10.0
1 1 33 35 0 2 10.0
1 9 19 25 0 2 10.0
1 19 9 25 0 2 10.0
1 23 5 25 0 2 10.0
1 1 30 35 0 2 10.0
1 5 23 25 0 2 10.0
1 14 14 35 0 2 10.0
1 24 4 25 0 2 10.0
1 1 30 35 0 2 10.0
1 1 29 35 0 2 10.0
1 23 5 35 0 2 10.0
1 9 19 25 0 2 10.0
1 10 18 25 0 2 10.0
1 21 7 25 0 2 10.0
1 14 14 25 0 2 10.0
1 14 14 25 0 2 10.0
1 19 9 35 0 2 10.0
1 5 23 25 0 2 10.0
1 19 9 35 0 2 10.0
1 21 7 25 0 2 10.0
1 7 21 35 0 2 10.0
1 19 9 25 0 2 10.0
1 27 1 25 0 2 10.0
1 25 3 35 0 2 10.0
1 23 5 25 0 2 10.0
1 13 15 35 0 2 10.0
1 1 28 35 0 2 10.0
1 27 1 25 0 2 10.0
1 21 7 35 0 2 10.0
1 9 19 25 0 2 10.0
1 25 3 25 0 2 10.0
1 1 27 35 0 2 10.0
1 27 1 25 0 2 10.0
1 9 19 25 0 2 10.0
1 24 4 25 0 2 10.0
1 18 10 35 0 2 10.0
1 22 6 35 0 2 10.0
1 14 14 25 0 2 10.0
1 23 5 25 0 2 10.0
1 20 8 25 0 2 10.0
1 1 27 35 0 2 10.0
1 22 6 25 0 2 10.0
1 27 1 35 0 2 10.0
1 9 19 35 0 2 10.0
1 14 14 35 0 2 10.0
1 12 16 25 0 2 10.0
1 1 33 35 0 2 10.0
1 24 4 25 0 2 10.0
1 24 4 35 0 2 10.0
1 17 11 35 0 2 10.0
1 13 15 35 0 2 10.0
1 17 11 25 0 2 10.0
1 11 17 35 0 2 10.0
1 9 19 25 0 2 10.0
