30 6 2 300 2 1 1 

1
3 2 10 20 0 2 5 10 1 1 0 1 0 1 0 1 0 1 0 1 

2
1 3 5 5 0 2 5 10 0 1 1 1 0 1 1 1 1 1 1 1 
3 3 11 20 0 2 5 10 0 1 0 1 1 1 0 1 1 1 0 1 

1
3 4 12 20 0 1 5 10 1 1 1 1 0 1 1 1 1 1 1 1 

16
2 5 10 6 0 2 5 10 1 1 0 1 0 1 1 1 1 1 1 1 
3 5 13 20 0 1 5 10 0 1 1 1 0 1 0 1 1 1 1 1 
1 5 7 5 0 1 5 10 0 1 0 1 0 1 1 1 1 1 1 1 
1 5 7 4 0 2 5 10 1 1 1 1 1 1 1 1 0 1 0 1 
1 5 7 4 0 2 5 10 1 1 0 1 1 1 0 1 0 1 1 1 
1 5 7 5 0 2 5 10 1 1 0 1 0 1 0 1 0 1 0 1 
2 5 10 6 0 2 5 10 1 1 1 1 0 1 1 1 1 1 1 1 
2 5 10 6 0 2 5 10 0 1 1 1 1 1 1 1 1 1 0 1 
2 5 10 6 0 2 5 10 0 1 0 1 1 1 0 1 1 1 1 1 
1 5 7 5 0 2 5 10 1 1 0 1 1 1 1 1 1 1 0 1 
1 5 7 5 0 2 5 10 0 1 1 1 0 1 0 1 1 1 1 1 
1 5 7 5 0 1 5 10 0 1 0 1 0 1 1 1 0 1 0 1 
2 5 10 6 0 1 5 10 0 1 1 1 1 1 0 1 1 1 0 1 
1 5 7 4 0 1 5 10 1 1 1 1 0 1 1 1 1 1 0 1 
4 5 15 10 0 2 5 10 1 1 1 1 0 1 0 1 0 1 1 1 
3 5 13 20 0 2 5 10 1 1 0 1 0 1 1 1 0 1 0 1 

6
3 6 14 20 0 2 5 10 1 1 1 1 1 1 0 1 0 1 1 1 
2 6 11 6 0 2 5 10 1 1 1 1 0 1 1 1 1 1 0 1 
4 6 16 10 0 1 5 10 1 1 1 1 0 1 0 1 0 1 0 1 
2 6 11 6 0 2 5 10 0 1 0 1 0 1 1 1 0 1 0 1 
2 6 11 6 0 2 5 10 0 1 0 1 1 1 0 1 0 1 1 1 
3 6 14 20 0 1 5 10 0 1 0 1 0 1 0 1 0 1 1 1 

19
3 7 15 20 0 1 5 10 1 1 0 1 1 1 1 1 0 1 0 1 
2 7 12 6 0 1 5 10 0 1 0 1 0 1 1 1 1 1 1 1 
2 7 12 6 0 2 5 10 1 1 0 1 0 1 0 1 1 1 1 1 
3 7 15 20 0 1 5 10 1 1 1 1 1 1 0 1 1 1 0 1 
3 7 15 20 0 2 5 10 1 1 0 1 0 1 1 1 1 1 0 1 
3 7 15 20 0 2 5 10 1 1 0 1 1 1 0 1 1 1 1 1 
3 7 15 20 0 1 5 10 1 1 1 1 1 1 1 1 0 1 0 1 
3 7 15 20 0 2 5 10 1 1 1 1 0 1 1 1 1 1 0 1 
2 7 12 6 0 2 5 10 0 1 1 1 0 1 0 1 0 1 1 1 
1 7 9 5 0 2 5 10 0 1 1 1 1 1 1 1 0 1 0 1 
3 7 15 20 0 1 5 10 0 1 1 1 0 1 1 1 1 1 0 1 
2 7 12 6 0 1 5 10 1 1 0 1 1 1 0 1 1 1 1 1 
3 7 15 20 0 1 5 10 1 1 1 1 1 1 1 1 1 1 1 1 
1 7 9 5 0 2 5 10 1 1 1 1 0 1 1 1 1 1 0 1 
1 7 9 4 0 2 5 10 1 1 0 1 1 1 1 1 1 1 1 1 
2 7 12 6 0 2 5 10 1 1 0 1 0 1 0 1 1 1 0 1 
4 7 17 10 0 2 5 10 1 1 1 1 1 1 1 1 1 1 1 1 
1 7 9 4 0 1 5 10 0 1 1 1 1 1 1 1 1 1 0 1 
3 7 15 20 0 2 5 10 1 1 0 1 0 1 1 1 1 1 0 1 

10
1 8 10 5 0 1 5 10 1 1 1 1 0 1 1 1 1 1 0 1 
4 8 18 10 0 2 5 10 0 1 1 1 1 1 0 1 1 1 0 1 
4 8 18 10 0 2 5 10 0 1 1 1 0 1 0 1 0 1 0 1 
3 8 16 20 0 2 5 10 0 1 1 1 0 1 1 1 0 1 0 1 
3 8 16 20 0 1 5 10 0 1 1 1 1 1 0 1 1 1 1 1 
3 8 16 20 0 1 5 10 1 1 1 1 0 1 1 1 1 1 1 1 
3 8 16 20 0 1 5 10 0 1 1 1 1 1 1 1 0 1 0 1 
3 8 16 20 0 2 5 10 1 1 0 1 0 1 1 1 0 1 0 1 
1 8 10 5 0 2 5 10 1 1 0 1 1 1 0 1 0 1 0 1 
1 8 10 5 0 1 5 10 0 1 1 1 1 1 0 1 0 1 1 1 

3
1 9 11 4 0 1 5 10 0 1 1 1 1 1 1 1 0 1 0 1 
2 9 14 6 0 2 5 10 0 1 1 1 1 1 0 1 1 1 1 1 
3 9 17 20 0 1 5 10 1 1 0 1 1 1 0 1 1 1 0 1 

5
3 10 18 20 0 2 5 10 1 1 1 1 0 1 0 1 1 1 0 1 
4 10 20 10 0 1 5 10 1 1 1 1 1 1 1 1 1 1 0 1 
3 10 18 20 0 2 5 10 1 1 1 1 0 1 1 1 0 1 0 1 
1 10 12 5 0 1 5 10 0 1 1 1 0 1 0 1 1 1 1 1 
3 10 18 20 0 1 5 10 1 1 0 1 1 1 0 1 0 1 1 1 

16
1 11 13 4 0 1 5 10 1 1 0 1 1 1 1 1 0 1 1 1 
3 11 19 20 0 2 5 10 0 1 1 1 0 1 1 1 1 1 1 1 
1 11 13 5 0 2 5 10 1 1 0 1 0 1 1 1 0 1 0 1 
4 11 21 10 0 2 5 10 1 1 1 1 0 1 1 1 1 1 1 1 
1 11 13 5 0 2 5 10 0 1 1 1 0 1 1 1 1 1 0 1 
4 11 21 10 0 1 5 10 0 1 1 1 0 1 1 1 1 1 0 1 
1 11 13 4 0 1 5 10 0 1 0 1 1 1 1 1 0 1 1 1 
1 11 13 4 0 2 5 10 0 1 1 1 1 1 0 1 0 1 1 1 
3 11 19 20 0 1 5 10 0 1 1 1 1 1 1 1 1 1 0 1 
2 11 16 6 0 1 5 10 1 1 1 1 1 1 0 1 0 1 0 1 
1 11 13 5 0 2 5 10 0 1 1 1 1 1 0 1 0 1 1 1 
3 11 19 20 0 2 5 10 1 1 1 1 1 1 0 1 0 1 0 1 
1 11 13 5 0 1 5 10 1 1 0 1 1 1 1 1 1 1 0 1 
3 11 19 20 0 2 5 10 0 1 1 1 1 1 0 1 0 1 0 1 
1 11 13 5 0 1 5 10 1 1 0 1 0 1 1 1 1 1 0 1 
3 11 19 20 0 1 5 10 0 1 1 1 1 1 1 1 0 1 1 1 

10
1 12 14 5 0 1 5 10 0 1 0 1 0 1 1 1 1 1 1 1 
4 12 22 10 0 1 5 10 1 1 1 1 0 1 0 1 0 1 0 1 
1 12 14 5 0 2 5 10 0 1 0 1 1 1 1 1 0 1 0 1 
3 12 20 20 0 2 5 10 0 1 1 1 0 1 0 1 0 1 0 1 
1 12 14 5 0 1 5 10 0 1 0 1 1 1 0 1 0 1 1 1 
3 12 20 20 0 1 5 10 1 1 1 1 1 1 1 1 1 1 0 1 
2 12 17 6 0 2 5 10 1 1 0 1 0 1 1 1 1 1 0 1 
3 12 20 20 0 1 5 10 1 1 1 1 1 1 1 1 1 1 0 1 
3 12 20 20 0 1 5 10 0 1 1 1 0 1 0 1 0 1 0 1 
4 12 22 10 0 1 5 10 0 1 1 1 1 1 0 1 1 1 1 1 

3
3 13 21 20 0 2 5 10 0 1 0 1 1 1 1 1 0 1 1 1 
1 13 15 5 0 1 5 10 0 1 0 1 1 1 0 1 1 1 1 1 
2 13 18 6 0 2 5 10 1 1 0 1 0 1 0 1 0 1 1 1 

19
3 14 22 20 0 1 5 10 1 1 0 1 0 1 0 1 0 1 0 1 
2 14 19 6 0 1 5 10 0 1 0 1 0 1 1 1 0 1 0 1 
3 14 22 20 0 1 5 10 0 1 0 1 0 1 0 1 0 1 0 1 
3 14 22 20 0 1 5 10 0 1 1 1 0 1 1 1 0 1 1 1 
3 14 22 20 0 1 5 10 1 1 0 1 1 1 1 1 1 1 1 1 
3 14 22 20 0 1 5 10 1 1 1 1 1 1 1 1 1 1 1 1 
1 14 16 5 0 2 5 10 1 1 0 1 0 1 1 1 0 1 0 1 
3 14 22 20 0 2 5 10 1 1 1 1 0 1 1 1 0 1 0 1 
1 14 16 5 0 1 5 10 0 1 0 1 0 1 1 1 0 1 0 1 
3 14 22 20 0 1 5 10 0 1 0 1 1 1 1 1 1 1 1 1 
3 14 22 20 0 1 5 10 1 1 1 1 1 1 0 1 1 1 0 1 
3 14 22 20 0 1 5 10 0 1 1 1 1 1 1 1 1 1 1 1 
2 14 19 6 0 2 5 10 0 1 0 1 1 1 1 1 0 1 1 1 
1 14 16 4 0 2 5 10 0 1 1 1 1 1 1 1 1 1 0 1 
3 14 22 20 0 1 5 10 0 1 0 1 1 1 1 1 1 1 1 1 
1 14 16 5 0 2 5 10 0 1 1 1 1 1 0 1 0 1 1 1 
2 14 19 6 0 1 5 10 0 1 1 1 1 1 1 1 1 1 0 1 
1 14 16 5 0 2 5 10 1 1 0 1 1 1 1 1 0 1 0 1 
3 14 22 20 0 1 5 10 1 1 1 1 1 1 0 1 0 1 1 1 

7
3 15 23 20 0 2 5 10 0 1 1 1 1 1 1 1 0 1 1 1 
1 15 17 5 0 2 5 10 1 1 1 1 1 1 1 1 1 1 0 1 
4 15 25 10 0 2 5 10 0 1 1 1 1 1 0 1 1 1 0 1 
4 15 25 10 0 1 5 10 0 1 0 1 1 1 1 1 0 1 0 1 
3 15 23 20 0 1 5 10 0 1 1 1 1 1 1 1 1 1 0 1 
4 15 25 10 0 2 5 10 1 1 0 1 0 1 1 1 1 1 1 1 
1 15 17 5 0 2 5 10 0 1 0 1 0 1 0 1 1 1 1 1 

7
3 16 24 20 0 1 5 10 1 1 0 1 1 1 0 1 1 1 1 1 
3 16 24 20 0 1 5 10 0 1 1 1 1 1 1 1 0 1 1 1 
3 16 24 20 0 2 5 10 1 1 1 1 0 1 0 1 1 1 1 1 
1 16 18 5 0 2 5 10 1 1 0 1 1 1 1 1 0 1 1 1 
1 16 18 5 0 1 5 10 1 1 1 1 0 1 0 1 0 1 1 1 
4 16 26 10 0 1 5 10 1 1 0 1 0 1 0 1 1 1 0 1 
4 16 26 10 0 1 5 10 1 1 1 1 0 1 0 1 1 1 0 1 

13
3 17 25 20 0 1 5 10 1 1 0 1 0 1 0 1 1 1 0 1 
1 17 19 5 0 1 5 10 1 1 1 1 0 1 0 1 0 1 0 1 
3 17 25 20 0 2 5 10 0 1 0 1 0 1 0 1 0 1 1 1 
2 17 22 6 0 2 5 10 1 1 0 1 1 1 1 1 0 1 0 1 
2 17 22 6 0 1 5 10 0 1 1 1 0 1 1 1 0 1 1 1 
4 17 27 10 0 1 5 10 0 1 1 1 1 1 1 1 0 1 1 1 
3 17 25 20 0 1 5 10 1 1 0 1 0 1 0 1 1 1 1 1 
3 17 25 20 0 1 5 10 1 1 0 1 0 1 1 1 1 1 0 1 
2 17 22 6 0 2 5 10 1 1 1 1 0 1 1 1 1 1 1 1 
2 17 22 6 0 2 5 10 0 1 0 1 1 1 0 1 1 1 0 1 
4 17 27 10 0 1 5 10 1 1 1 1 0 1 0 1 0 1 0 1 
2 17 22 6 0 1 5 10 0 1 1 1 1 1 0 1 1 1 0 1 
2 17 22 6 0 2 5 10 0 1 1 1 0 1 1 1 1 1 0 1 

12
1 18 20 5 0 1 5 10 0 1 1 1 1 1 0 1 0 1 1 1 
2 18 23 6 0 1 5 10 1 1 0 1 1 1 1 1 0 1 0 1 
1 18 20 4 0 1 5 10 0 1 0 1 1 1 0 1 0 1 0 1 
3 18 26 20 0 2 5 10 0 1 0 1 0 1 0 1 0 1 1 1 
3 18 26 20 0 1 5 10 1 1 1 1 0 1 0 1 1 1 0 1 
1 18 20 4 0 1 5 10 1 1 1 1 1 1 1 1 0 1 0 1 
2 18 23 6 0 2 5 10 1 1 1 1 0 1 1 1 1 1 0 1 
2 18 23 6 0 2 5 10 0 1 1 1 1 1 1 1 0 1 0 1 
3 18 26 20 0 2 5 10 1 1 0 1 0 1 0 1 1 1 1 1 
3 18 26 20 0 1 5 10 1 1 1 1 0 1 1 1 0 1 0 1 
1 18 20 5 0 1 5 10 0 1 1 1 0 1 0 1 0 1 0 1 
1 18 20 5 0 1 5 10 1 1 0 1 0 1 1 1 1 1 0 1 

5
3 19 27 20 0 1 5 10 0 1 1 1 0 1 1 1 1 1 1 1 
3 19 27 20 0 1 5 10 1 1 1 1 1 1 1 1 0 1 0 1 
4 19 29 10 0 2 5 10 0 1 0 1 0 1 1 1 0 1 1 1 
1 19 21 5 0 1 5 10 1 1 1 1 1 1 1 1 1 1 1 1 
3 19 27 20 0 1 5 10 1 1 0 1 0 1 1 1 0 1 1 1 

13
2 20 25 6 0 2 5 10 0 1 1 1 0 1 0 1 1 1 1 1 
1 20 22 5 0 2 5 10 1 1 0 1 0 1 1 1 0 1 0 1 
3 20 28 20 0 1 5 10 1 1 0 1 1 1 1 1 1 1 1 1 
3 20 28 20 0 1 5 10 0 1 0 1 1 1 1 1 0 1 0 1 
1 20 22 5 0 1 5 10 0 1 0 1 1 1 0 1 1 1 0 1 
1 20 22 5 0 2 5 10 0 1 0 1 1 1 1 1 0 1 1 1 
3 20 28 20 0 1 5 10 1 1 1 1 0 1 0 1 1 1 0 1 
2 20 25 6 0 2 5 10 0 1 0 1 1 1 0 1 0 1 0 1 
1 20 22 5 0 1 5 10 0 1 0 1 1 1 0 1 0 1 1 1 
2 20 25 6 0 2 5 10 0 1 1 1 0 1 0 1 0 1 1 1 
1 20 22 5 0 1 5 10 1 1 0 1 1 1 0 1 0 1 1 1 
2 20 25 6 0 1 5 10 0 1 0 1 0 1 0 1 0 1 0 1 
3 20 28 20 0 1 5 10 0 1 0 1 1 1 1 1 1 1 0 1 

7
1 21 23 5 0 2 5 10 0 1 0 1 1 1 1 1 1 1 0 1 
2 21 26 6 0 2 5 10 0 1 1 1 1 1 0 1 0 1 1 1 
2 21 26 6 0 2 5 10 0 1 0 1 0 1 0 1 1 1 1 1 
2 21 26 6 0 1 5 10 0 1 1 1 0 1 0 1 0 1 1 1 
3 21 29 20 0 1 5 10 0 1 0 1 0 1 0 1 1 1 1 1 
2 21 26 6 0 1 5 10 1 1 1 1 1 1 0 1 1 1 0 1 
2 21 26 6 0 2 5 10 0 1 0 1 1 1 1 1 1 1 1 1 

14
1 22 24 4 0 2 5 10 1 1 0 1 0 1 0 1 0 1 1 1 
3 22 30 20 0 1 5 10 1 1 1 1 1 1 1 1 1 1 1 1 
1 22 24 4 0 1 5 10 1 1 0 1 0 1 0 1 1 1 0 1 
3 22 30 20 0 2 5 10 1 1 0 1 0 1 0 1 0 1 1 1 
3 22 30 20 0 2 5 10 0 1 1 1 1 1 1 1 0 1 1 1 
1 22 24 4 0 2 5 10 0 1 0 1 0 1 1 1 1 1 1 1 
2 22 27 6 0 2 5 10 0 1 0 1 1 1 1 1 1 1 0 1 
3 22 30 20 0 2 5 10 1 1 1 1 0 1 1 1 1 1 1 1 
3 22 30 20 0 1 5 10 1 1 0 1 0 1 0 1 0 1 0 1 
3 22 30 20 0 2 5 10 1 1 0 1 0 1 0 1 0 1 0 1 
3 22 30 20 0 1 5 10 1 1 0 1 1 1 1 1 1 1 0 1 
3 22 30 20 0 2 5 10 1 1 0 1 0 1 0 1 0 1 1 1 
1 22 24 5 0 2 5 10 0 1 0 1 0 1 1 1 1 1 0 1 
3 22 30 20 0 2 5 10 1 1 0 1 0 1 1 1 1 1 0 1 

18
1 23 25 4 0 1 5 10 0 1 0 1 1 1 0 1 1 1 1 1 
3 23 31 20 0 2 5 10 0 1 1 1 1 1 0 1 1 1 0 1 
3 23 31 20 0 1 5 10 0 1 0 1 1 1 0 1 1 1 0 1 
1 23 25 5 0 1 5 10 0 1 0 1 0 1 1 1 1 1 1 1 
3 23 31 20 0 1 5 10 0 1 1 1 0 1 1 1 0 1 0 1 
3 23 31 20 0 1 5 10 1 1 0 1 1 1 0 1 1 1 1 1 
4 23 33 10 0 2 5 10 1 1 1 1 0 1 0 1 1 1 1 1 
4 23 33 10 0 2 5 10 1 1 1 1 0 1 1 1 1 1 0 1 
1 23 25 4 0 1 5 10 0 1 1 1 1 1 1 1 0 1 1 1 
3 23 31 20 0 2 5 10 0 1 0 1 1 1 0 1 0 1 0 1 
2 23 28 6 0 2 5 10 1 1 0 1 1 1 1 1 1 1 0 1 
1 23 25 5 0 2 5 10 0 1 1 1 1 1 0 1 1 1 1 1 
3 23 31 20 0 1 5 10 1 1 0 1 0 1 1 1 1 1 1 1 
3 23 31 20 0 1 5 10 1 1 0 1 0 1 0 1 1 1 1 1 
2 23 28 6 0 2 5 10 1 1 1 1 1 1 1 1 0 1 0 1 
1 23 25 4 0 1 5 10 0 1 0 1 1 1 1 1 0 1 1 1 
2 23 28 6 0 2 5 10 0 1 0 1 1 1 0 1 0 1 0 1 
2 23 28 6 0 2 5 10 1 1 0 1 1 1 0 1 0 1 0 1 

2
3 24 32 20 0 1 5 10 1 1 0 1 0 1 1 1 1 1 1 1 
3 24 32 20 0 1 5 10 1 1 1 1 1 1 1 1 1 1 1 1 

10
1 25 27 5 0 1 5 10 1 1 0 1 1 1 1 1 1 1 0 1 
1 25 27 5 0 2 5 10 0 1 0 1 1 1 1 1 0 1 1 1 
3 25 33 20 0 2 5 10 1 1 0 1 0 1 1 1 1 1 0 1 
3 25 33 20 0 1 5 10 1 1 0 1 0 1 1 1 0 1 1 1 
4 25 35 10 0 1 5 10 0 1 1 1 1 1 1 1 1 1 1 1 
1 25 27 5 0 1 5 10 0 1 0 1 0 1 0 1 1 1 1 1 
2 25 30 6 0 1 5 10 0 1 1 1 1 1 1 1 1 1 0 1 
1 25 27 5 0 2 5 10 0 1 1 1 1 1 1 1 1 1 1 1 
2 25 30 6 0 2 5 10 0 1 0 1 0 1 0 1 0 1 0 1 
4 25 35 10 0 2 5 10 1 1 1 1 0 1 1 1 1 1 1 1 

12
2 26 31 6 0 2 5 10 1 1 0 1 0 1 1 1 0 1 0 1 
4 26 36 10 0 1 5 10 0 1 1 1 1 1 0 1 0 1 1 1 
1 26 28 5 0 2 5 10 0 1 1 1 0 1 1 1 0 1 0 1 
3 26 34 20 0 1 5 10 1 1 1 1 1 1 0 1 1 1 1 1 
4 26 36 10 0 2 5 10 1 1 0 1 1 1 0 1 1 1 1 1 
1 26 28 5 0 1 5 10 0 1 1 1 1 1 1 1 1 1 1 1 
1 26 28 5 0 1 5 10 1 1 0 1 0 1 1 1 1 1 1 1 
4 26 36 10 0 2 5 10 1 1 0 1 0 1 1 1 0 1 1 1 
2 26 31 6 0 2 5 10 0 1 0 1 1 1 0 1 0 1 1 1 
1 26 28 5 0 1 5 10 1 1 0 1 0 1 1 1 0 1 1 1 
3 26 34 20 0 1 5 10 0 1 0 1 0 1 1 1 0 1 0 1 
1 26 28 4 0 1 5 10 1 1 0 1 0 1 0 1 0 1 1 1 

0

19
3 28 36 20 0 1 5 10 1 1 0 1 1 1 0 1 1 1 0 1 
3 28 36 20 0 1 5 10 0 1 1 1 1 1 1 1 1 1 1 1 
1 28 30 5 0 1 5 10 0 1 1 1 1 1 0 1 1 1 0 1 
4 28 38 10 0 2 5 10 0 1 1 1 1 1 0 1 1 1 0 1 
3 28 36 20 0 1 5 10 0 1 0 1 1 1 0 1 0 1 1 1 
3 28 36 20 0 1 5 10 1 1 0 1 1 1 0 1 1 1 0 1 
2 28 33 6 0 1 5 10 0 1 1 1 0 1 1 1 1 1 0 1 
2 28 33 6 0 2 5 10 0 1 0 1 1 1 1 1 0 1 0 1 
3 28 36 20 0 1 5 10 0 1 1 1 0 1 0 1 1 1 0 1 
1 28 30 5 0 2 5 10 0 1 0 1 1 1 0 1 0 1 0 1 
1 28 30 4 0 1 5 10 1 1 0 1 0 1 1 1 0 1 1 1 
4 28 38 10 0 2 5 10 1 1 1 1 0 1 1 1 0 1 0 1 
3 28 36 20 0 2 5 10 0 1 1 1 1 1 0 1 0 1 1 1 
3 28 36 20 0 2 5 10 1 1 1 1 0 1 1 1 1 1 1 1 
3 28 36 20 0 1 5 10 0 1 0 1 0 1 0 1 0 1 0 1 
3 28 36 20 0 1 5 10 0 1 1 1 1 1 0 1 0 1 1 1 
3 28 36 20 0 1 5 10 1 1 0 1 1 1 0 1 1 1 1 1 
3 28 36 20 0 1 5 10 0 1 1 1 0 1 0 1 1 1 0 1 
3 28 36 20 0 2 5 10 0 1 0 1 1 1 0 1 1 1 0 1 

19
1 29 31 5 0 1 5 10 0 1 1 1 1 1 0 1 1 1 1 1 
1 29 31 4 0 1 5 10 0 1 1 1 1 1 1 1 1 1 1 1 
3 29 37 20 0 1 5 10 1 1 1 1 1 1 0 1 0 1 0 1 
2 29 34 6 0 1 5 10 1 1 1 1 1 1 0 1 1 1 1 1 
3 29 37 20 0 2 5 10 0 1 1 1 1 1 1 1 1 1 0 1 
1 29 31 5 0 1 5 10 0 1 0 1 0 1 0 1 0 1 1 1 
1 29 31 5 0 2 5 10 1 1 1 1 0 1 0 1 0 1 1 1 
1 29 31 4 0 2 5 10 1 1 1 1 1 1 0 1 1 1 1 1 
2 29 34 6 0 2 5 10 1 1 1 1 1 1 0 1 1 1 1 1 
4 29 39 10 0 1 5 10 0 1 0 1 1 1 0 1 0 1 1 1 
1 29 31 5 0 1 5 10 0 1 1 1 1 1 1 1 0 1 0 1 
3 29 37 20 0 1 5 10 0 1 1 1 1 1 1 1 1 1 1 1 
1 29 31 4 0 2 5 10 1 1 0 1 1 1 0 1 1 1 1 1 
1 29 31 4 0 2 5 10 1 1 0 1 1 1 1 1 1 1 1 1 
1 29 31 4 0 1 5 10 1 1 0 1 1 1 1 1 0 1 1 1 
1 29 31 5 0 1 5 10 0 1 0 1 1 1 0 1 0 1 0 1 
3 29 37 20 0 1 5 10 0 1 1 1 0 1 1 1 1 1 0 1 
3 29 37 20 0 1 5 10 1 1 1 1 0 1 1 1 0 1 1 1 
1 29 31 5 0 2 5 10 1 1 0 1 1 1 0 1 1 1 0 1 

11
4 30 40 10 0 2 5 10 1 1 1 1 1 1 1 1 0 1 0 1 
1 30 32 5 0 1 5 10 1 1 1 1 1 1 0 1 1 1 1 1 
1 30 32 5 0 2 5 10 0 1 1 1 0 1 0 1 0 1 1 1 
4 30 40 10 0 1 5 10 0 1 0 1 0 1 1 1 0 1 1 1 
1 30 32 4 0 1 5 10 1 1 0 1 0 1 1 1 0 1 0 1 
1 30 32 5 0 2 5 10 1 1 0 1 1 1 0 1 0 1 1 1 
1 30 32 5 0 2 5 10 0 1 1 1 0 1 1 1 0 1 1 1 
1 30 32 5 0 1 5 10 1 1 1 1 1 1 1 1 0 1 0 1 
2 30 35 6 0 1 5 10 1 1 0 1 0 1 0 1 1 1 0 1 
1 30 32 5 0 1 5 10 1 1 0 1 0 1 1 1 1 1 1 1 
1 30 32 5 0 1 5 10 0 1 1 1 0 1 0 1 0 1 0 1 

1
3 31 39 20 0 1 5 10 1 1 1 1 0 1 1 1 0 1 0 1 

