./main 1 100 1 0.1 0.5 0.5 0.5 < ../test/test
51
1 22 1 
1 5 0 
10 18 0 19 0 22 0 23 0 24 0 25 0 26 0 29 0 30 0 31 0 
4 22 1 23 1 24 1 25 1 
1 8 0 
1 9 0 
1 4 0 
35 36 1 37 1 38 1 39 1 40 1 43 1 44 1 45 1 46 1 47 1 50 1 51 1 52 1 53 1 54 1 57 1 58 1 59 1 60 1 61 1 64 1 65 1 66 1 67 1 68 1 71 1 72 1 73 1 74 1 75 1 78 1 79 1 80 1 81 1 82 1 
10 22 0 23 0 24 0 25 0 26 0 29 0 30 0 31 0 32 0 33 0 
10 23 1 24 1 25 1 26 1 29 1 30 1 31 1 32 1 33 1 36 1 
1 22 1 
2 12 0 15 0 
35 36 1 37 1 38 1 39 1 40 1 43 1 44 1 45 1 46 1 47 1 50 1 51 1 52 1 53 1 54 1 57 1 58 1 59 1 60 1 61 1 64 1 65 1 66 1 67 1 68 1 71 1 72 1 73 1 74 1 75 1 78 1 79 1 80 1 81 1 82 1 
4 22 1 23 1 24 1 25 1 
35 39 1 40 1 43 1 44 1 45 1 46 1 47 1 50 1 51 1 52 1 53 1 54 1 57 1 58 1 59 1 60 1 61 1 64 1 65 1 66 1 67 1 68 1 71 1 72 1 73 1 74 1 75 1 78 1 79 1 80 1 81 1 82 1 85 1 86 1 87 1 
25 38 1 39 1 40 1 43 1 44 1 45 1 46 1 47 1 50 1 51 1 52 1 53 1 54 1 57 1 58 1 59 1 60 1 61 1 64 1 65 1 66 1 67 1 68 1 71 1 72 1 
35 43 1 44 1 45 1 46 1 47 1 50 1 51 1 52 1 53 1 54 1 57 1 58 1 59 1 60 1 61 1 64 1 65 1 66 1 67 1 68 1 71 1 72 1 73 1 74 1 75 1 78 1 79 1 80 1 81 1 82 1 85 1 86 1 87 1 88 1 89 1 
25 43 1 44 1 45 1 46 1 47 1 50 1 51 1 52 1 53 1 54 1 57 1 58 1 59 1 60 1 61 1 64 1 65 1 66 1 67 1 68 1 71 1 72 1 73 1 74 1 75 1 
35 44 1 45 1 46 1 47 1 50 1 51 1 52 1 53 1 54 1 57 1 58 1 59 1 60 1 61 1 64 1 65 1 66 1 67 1 68 1 71 1 72 1 73 1 74 1 75 1 78 1 79 1 80 1 81 1 82 1 85 1 86 1 87 1 88 1 89 1 92 1 
35 43 1 44 1 45 1 46 1 47 1 50 1 51 1 52 1 53 1 54 1 57 1 58 1 59 1 60 1 61 1 64 1 65 1 66 1 67 1 68 1 71 1 72 1 73 1 74 1 75 1 78 1 79 1 80 1 81 1 82 1 85 1 86 1 87 1 88 1 89 1 
25 46 1 47 1 50 1 51 1 52 1 53 1 54 1 57 1 58 1 59 1 60 1 61 1 64 1 65 1 66 1 67 1 68 1 71 1 72 1 73 1 74 1 75 1 78 1 79 1 80 1 
1 31 1 
1 33 0 
35 45 1 46 1 47 1 50 1 51 1 52 1 53 1 54 1 57 1 58 1 59 1 60 1 61 1 64 1 65 1 66 1 67 1 68 1 71 1 72 1 73 1 74 1 75 1 78 1 79 1 80 1 81 1 82 1 85 1 86 1 87 1 88 1 89 1 92 1 93 1 
25 44 1 45 1 46 1 47 1 50 1 51 1 52 1 53 1 54 1 57 1 58 1 59 1 60 1 61 1 64 1 65 1 66 1 67 1 68 1 71 1 72 1 73 1 74 1 75 1 78 1 
10 32 1 33 1 36 1 37 1 38 1 39 1 40 1 43 1 44 1 45 1 
25 53 1 54 1 57 1 58 1 59 1 60 1 61 1 64 1 65 1 66 1 67 1 68 1 71 1 72 1 73 1 74 1 75 1 78 1 79 1 80 1 81 1 82 1 85 1 86 1 87 1 
1 38 0 
10 36 1 37 1 38 1 39 1 40 1 43 1 44 1 45 1 46 1 47 1 
1 29 0 
2 27 0 29 0 
25 57 1 58 1 59 1 60 1 61 1 64 1 65 1 66 1 67 1 68 1 71 1 72 1 73 1 74 1 75 1 78 1 79 1 80 1 81 1 82 1 85 1 86 1 87 1 88 1 89 1 
25 51 1 52 1 53 1 54 1 57 1 58 1 59 1 60 1 61 1 64 1 65 1 66 1 67 1 68 1 71 1 72 1 73 1 74 1 75 1 78 1 79 1 80 1 81 1 82 1 85 1 
2 25 0 26 0 
35 57 1 58 1 59 1 60 1 61 1 64 1 65 1 66 1 67 1 68 1 71 1 72 1 73 1 74 1 75 1 78 1 79 1 80 1 81 1 82 1 85 1 86 1 87 1 88 1 89 1 92 1 93 1 94 1 95 1 96 1 99 1 100 1 101 1 102 1 103 1 
1 45 1 
2 33 0 36 0 
35 57 1 58 1 59 1 60 1 61 1 64 1 65 1 66 1 67 1 68 1 71 1 72 1 73 1 74 1 75 1 78 1 79 1 80 1 81 1 82 1 85 1 86 1 87 1 88 1 89 1 92 1 93 1 94 1 95 1 96 1 99 1 100 1 101 1 102 1 103 1 
1 45 0 
10 43 0 44 0 45 0 46 0 47 0 50 0 51 0 52 0 53 0 54 0 
10 45 1 46 1 47 1 50 1 51 1 52 1 53 1 54 1 57 1 58 1 
35 60 1 61 1 64 1 65 1 66 1 67 1 68 1 71 1 72 1 73 1 74 1 75 1 78 1 79 1 80 1 81 1 82 1 85 1 86 1 87 1 88 1 89 1 92 1 93 1 94 1 95 1 96 1 99 1 100 1 101 1 102 1 103 1 106 1 107 1 108 1 
25 60 1 61 1 64 1 65 1 66 1 67 1 68 1 71 1 72 1 73 1 74 1 75 1 78 1 79 1 80 1 81 1 82 1 85 1 86 1 87 1 88 1 89 1 92 1 93 1 94 1 
35 60 1 61 1 64 1 65 1 66 1 67 1 68 1 71 1 72 1 73 1 74 1 75 1 78 1 79 1 80 1 81 1 82 1 85 1 86 1 87 1 88 1 89 1 92 1 93 1 94 1 95 1 96 1 99 1 100 1 101 1 102 1 103 1 106 1 107 1 108 1 
25 59 1 60 1 61 1 64 1 65 1 66 1 67 1 68 1 71 1 72 1 73 1 74 1 75 1 78 1 79 1 80 1 81 1 82 1 85 1 86 1 87 1 88 1 89 1 92 1 93 1 
35 57 1 58 1 59 1 60 1 61 1 64 1 65 1 66 1 67 1 68 1 71 1 72 1 73 1 74 1 75 1 78 1 79 1 80 1 81 1 82 1 85 1 86 1 87 1 88 1 89 1 92 1 93 1 94 1 95 1 96 1 99 1 100 1 101 1 102 1 103 1 
25 57 1 58 1 59 1 60 1 61 1 64 1 65 1 66 1 67 1 68 1 71 1 72 1 73 1 74 1 75 1 78 1 79 1 80 1 81 1 82 1 85 1 86 1 87 1 88 1 89 1 
1 43 0 
4 50 1 51 1 52 1 53 1 
25 58 1 59 1 60 1 61 1 64 1 65 1 66 1 67 1 68 1 71 1 72 1 73 1 74 1 75 1 78 1 79 1 80 1 81 1 82 1 85 1 86 1 87 1 88 1 89 1 92 1 
35 60 1 61 1 64 1 65 1 66 1 67 1 68 1 71 1 72 1 73 1 74 1 75 1 78 1 79 1 80 1 81 1 82 1 85 1 86 1 87 1 88 1 89 1 92 1 93 1 94 1 95 1 96 1 99 1 100 1 101 1 102 1 103 1 106 1 107 1 108 1 
9 18 24
1 2 7 20 0 1 0 2 10
2 1 4 5 0 1 0 1 10
3 2 5 18 0 10 0 1 10
4 2 8 21 0 4 0 2 10
5 1 7 8 0 1 0 1 10
6 1 8 9 0 1 0 1 10
7 1 3 4 0 1 0 1 10
8 3 8 35 0 35 0 2 10
9 2 7 20 0 10 0 1 10
10 2 10 23 0 10 0 2 10
11 2 7 20 0 1 0 2 10
12 1 11 12 0 2 0 1 10
13 3 9 36 0 35 0 2 10
14 2 7 20 0 4 0 2 10
15 3 12 39 0 35 0 2 10
16 3 11 38 0 25 0 2 10
17 3 16 43 0 35 0 2 10
18 3 14 41 0 25 0 2 10
19 3 17 44 0 35 0 2 10
20 3 14 41 0 35 0 2 10
21 3 19 46 0 25 0 2 10
22 2 18 31 0 1 0 2 10
23 2 20 33 0 1 0 1 10
24 3 18 45 0 35 0 2 10
25 3 17 44 0 25 0 2 10
26 2 19 32 0 10 0 2 10
27 3 26 53 0 25 0 2 10
28 2 25 38 0 1 0 1 10
29 2 22 35 0 10 0 2 10
30 1 28 29 0 1 0 1 10
31 1 26 27 0 2 0 1 10
32 3 28 55 0 25 0 2 10
33 3 24 51 0 25 0 2 10
34 1 24 25 0 2 0 1 10
35 3 28 55 0 35 0 2 10
36 2 32 45 0 1 0 2 10
37 1 32 33 0 2 0 1 10
38 3 30 57 0 35 0 2 10
39 2 32 45 0 1 0 1 10
40 2 30 43 0 10 0 1 10
41 2 32 45 0 10 0 2 10
42 3 33 60 0 35 0 2 10
43 3 33 60 0 25 0 2 10
44 3 34 61 0 35 0 2 10
45 3 32 59 0 25 0 2 10
46 3 29 56 0 35 0 2 10
47 3 30 57 0 25 0 2 10
48 2 30 43 0 1 0 1 10
49 2 37 50 0 4 0 2 10
50 3 31 58 0 25 0 2 10
51 3 34 61 0 35 0 2 10
